
0 0 0 0 0 0 0 0 0 0 0 0 0 0 0 0 0 0 0 0 0 0 0 0 0 0 0 0 0 0 0 0 0 0 0 0 0 0 0 0 0 0 0 0 0 85 87 0 77 81 71 67 67 86 75 56 0 0 0 0 0 
0 0 0 0 0 0 0 0 0 0 0 0 0 0 0 0 0 0 0 0 0 0 0 0 0 0 0 0 0 0 0 0 0 0 0 0 0 0 0 0 0 0 0 0 0 83 88 86 79 77 71 68 61 88 74 55 0 0 0 0 0 
0 0 0 0 0 0 0 0 0 0 0 0 0 0 0 0 0 0 0 0 0 0 0 0 0 0 0 0 0 0 0 0 0 0 0 0 0 0 0 0 0 0 0 0 0 87 83 83 84 77 82 71 68 81 69 89 0 0 0 0 0 
0 0 0 0 0 0 0 0 0 0 0 0 0 0 0 0 0 0 0 0 0 0 0 0 0 0 0 0 0 0 0 0 0 0 0 0 0 0 0 0 0 0 0 0 0 93 83 84 81 73 70 69 68 84 68 64 0 0 0 0 0 
0 0 0 0 0 0 0 0 0 0 0 0 0 0 0 0 0 0 0 0 0 0 0 0 0 0 0 0 0 0 0 0 0 0 0 0 0 0 0 0 88 0 0 0 89 93 84 81 81 88 74 70 75 80 71 65 0 0 0 0 0 
0 0 0 0 0 0 0 0 0 0 0 0 0 0 0 0 0 0 0 0 0 0 0 0 0 0 0 0 0 0 0 0 0 0 0 0 0 0 0 0 89 0 0 0 89 85 79 80 88 81 66 67 70 82 74 65 0 0 0 0 0 
0 0 0 0 0 0 0 0 0 0 0 0 0 0 0 0 0 0 0 0 0 0 0 0 0 0 0 0 0 0 0 0 0 0 0 0 0 0 0 0 89 0 0 0 89 88 78 78 81 76 73 68 68 79 74 73 0 0 0 0 0 
0 0 0 0 0 0 0 0 0 0 0 0 0 0 0 0 0 0 0 0 0 0 0 0 0 0 0 0 0 0 0 0 0 0 0 0 0 0 0 0 89 86 0 0 89 88 78 81 81 73 66 69 62 68 70 68 0 0 0 0 0 
0 0 0 0 0 0 0 0 0 0 0 0 0 0 0 0 0 0 0 0 0 0 0 0 0 0 0 0 0 0 0 0 0 0 0 0 0 0 0 0 89 86 92 0 89 86 78 81 69 76 65 59 70 67 79 76 0 0 0 0 0 
0 0 0 0 0 0 0 0 0 0 0 0 0 0 0 0 0 0 0 0 0 0 0 0 0 0 0 0 0 0 0 0 0 0 0 0 0 0 0 0 89 87 92 0 83 80 82 77 73 70 63 60 71 73 78 82 0 0 0 0 0 
0 0 0 0 0 0 0 0 0 0 0 0 0 0 0 0 0 0 0 0 0 0 0 0 0 0 0 0 0 0 0 0 0 0 0 0 0 0 0 0 89 87 92 0 83 81 82 77 81 85 61 56 67 70 77 78 0 0 0 0 0 
0 0 0 0 0 0 0 0 0 0 0 0 0 0 0 0 0 0 0 0 0 0 0 0 0 0 0 0 0 0 0 0 0 0 0 0 0 0 0 0 89 87 92 0 86 89 74 78 67 69 58 59 74 73 88 77 0 0 0 0 0 
0 0 0 0 0 0 0 0 0 0 0 0 0 0 0 0 0 0 0 0 0 0 0 0 0 0 0 0 0 0 0 0 0 0 0 0 0 0 0 0 89 87 88 0 86 82 84 71 72 71 57 57 67 73 80 81 0 0 0 0 0 
0 0 0 0 0 0 0 0 0 0 0 0 0 0 0 0 0 0 0 0 0 0 0 0 0 0 0 0 0 0 0 0 0 0 0 0 0 0 0 0 89 87 88 0 86 77 82 71 66 66 62 72 80 75 85 73 0 0 0 0 0 
0 0 0 0 0 0 0 0 0 0 0 0 0 0 0 0 0 0 0 0 0 0 0 0 0 0 0 0 0 0 0 0 0 0 0 0 0 0 0 0 89 87 88 0 86 77 72 71 62 87 63 57 78 84 80 82 0 0 0 0 0 
0 0 0 0 0 0 0 0 0 0 0 0 0 0 0 0 0 0 0 0 0 0 0 0 0 0 0 0 0 0 0 0 0 0 0 0 0 0 0 90 89 87 88 0 86 85 72 75 62 60 62 67 84 77 80 82 0 0 0 0 0 
0 0 0 0 0 0 0 0 0 0 0 0 0 0 0 0 0 0 0 0 0 0 0 0 0 0 0 0 0 0 0 0 0 0 0 0 0 0 0 90 89 87 86 0 75 76 78 75 64 62 67 69 77 82 80 85 0 0 0 0 0 
0 0 0 0 0 0 0 0 0 0 0 0 0 0 0 0 0 0 0 0 0 0 0 0 0 0 0 0 0 0 0 0 0 0 0 0 0 0 0 90 89 87 86 0 77 73 79 73 67 59 68 62 89 82 82 84 0 0 0 0 0 
0 0 0 0 0 0 0 0 0 0 0 0 0 0 0 0 0 0 0 0 0 0 0 0 0 0 0 0 0 0 0 0 0 0 0 0 0 0 0 90 89 87 84 0 77 77 72 72 71 52 77 68 80 82 87 85 0 0 0 0 0 
0 0 0 0 0 0 0 0 0 0 0 0 0 0 0 0 0 0 0 0 0 0 0 0 0 0 0 0 0 0 0 0 0 0 0 0 0 0 0 90 89 87 84 0 77 78 65 67 61 59 69 71 79 91 81 85 0 0 0 0 0 
0 0 0 0 0 0 0 0 0 0 0 0 0 0 0 0 0 0 0 90 0 0 0 0 0 0 0 0 0 0 0 0 0 0 0 0 0 0 0 90 86 87 85 0 87 73 78 67 73 63 75 70 79 91 81 85 0 0 0 0 0 
0 0 0 0 0 0 0 0 0 0 0 0 0 0 0 0 0 0 0 90 0 0 0 0 0 0 0 0 0 0 0 0 0 0 0 0 0 0 0 90 87 87 85 0 82 73 65 57 59 61 80 80 79 91 84 85 0 0 0 0 0 
0 0 0 0 0 0 0 0 0 0 0 0 0 0 0 0 0 0 0 90 0 0 0 0 0 0 0 0 0 0 0 0 0 0 0 0 0 0 0 90 87 87 86 0 81 78 62 65 68 75 76 71 79 91 84 83 0 0 0 0 0 
0 0 0 0 0 0 0 0 0 0 0 0 0 0 0 0 0 0 0 90 0 0 0 0 0 0 0 0 0 0 0 0 0 0 0 0 0 0 86 90 88 87 80 0 79 71 65 64 63 69 76 78 80 91 87 86 0 0 0 0 0 
0 0 0 0 0 0 0 0 0 0 0 0 0 0 0 0 0 0 0 90 0 0 0 0 0 0 0 0 0 0 0 0 0 0 0 0 0 0 86 90 89 86 80 0 82 72 67 65 77 64 77 83 82 91 82 86 0 0 0 0 0 
0 0 0 0 0 0 0 0 0 0 0 0 0 0 0 0 0 0 0 90 0 0 0 0 0 0 0 0 0 0 0 0 0 0 0 0 0 0 86 90 89 83 84 0 77 67 67 58 67 68 76 78 82 91 83 86 0 0 0 0 0 
0 0 0 0 0 0 0 0 0 0 0 0 0 0 0 0 0 0 0 90 0 0 0 0 0 0 0 0 0 0 0 0 0 0 0 0 0 0 86 90 89 80 79 0 72 75 61 74 84 75 78 78 82 91 86 86 0 0 0 0 0 
0 0 0 0 0 0 0 0 0 0 0 0 0 0 84 0 0 0 0 90 0 0 0 0 0 0 0 0 0 0 0 0 0 0 0 0 0 0 86 90 84 83 77 0 72 75 61 67 76 75 79 78 85 91 86 86 0 0 0 0 0 
0 0 0 0 0 0 0 0 0 0 0 0 0 0 88 0 83 0 0 90 0 0 0 0 0 0 0 0 0 0 0 0 0 0 0 0 0 0 86 90 84 83 77 0 72 76 73 65 73 84 90 81 88 91 86 86 0 0 0 0 0 
0 0 0 0 0 0 0 0 0 0 0 0 0 0 78 0 83 87 77 90 0 0 0 0 0 0 0 0 0 0 0 0 0 0 0 0 0 0 88 90 84 83 88 0 70 70 79 77 82 84 82 81 88 91 86 86 0 0 0 0 0 
0 0 0 0 0 0 0 0 0 0 0 0 0 0 88 0 86 80 77 90 0 0 0 0 0 0 0 0 0 0 0 0 0 0 0 0 0 0 88 90 85 83 74 0 76 66 68 71 82 85 82 81 88 91 88 86 0 0 0 0 0 
0 0 0 0 0 0 0 0 0 0 0 0 0 0 88 0 86 80 77 90 0 0 0 0 0 0 0 0 0 0 0 0 0 0 0 0 0 0 88 90 79 81 79 0 68 68 76 65 81 76 82 81 85 91 88 86 0 0 0 0 0 
0 0 0 0 0 0 0 0 0 0 0 0 0 0 81 0 86 80 77 90 0 0 0 0 0 0 0 0 0 0 0 0 0 0 89 0 0 0 88 90 82 84 82 0 72 72 78 67 81 85 82 89 86 91 88 86 0 0 0 0 0 
0 0 0 0 0 0 0 0 0 0 0 0 0 0 76 0 82 76 88 77 0 0 0 0 0 0 0 0 0 0 0 0 0 0 89 0 0 0 88 90 82 81 82 0 65 62 74 84 83 87 85 89 86 91 88 86 0 0 0 0 0 
0 0 0 0 0 0 0 0 0 0 0 0 0 0 82 0 82 76 87 77 0 0 0 0 0 0 0 0 0 0 0 0 0 0 89 0 0 0 88 90 82 79 76 0 89 68 85 84 83 83 85 89 86 91 89 86 0 0 0 0 0 
0 0 0 0 0 0 0 0 0 0 0 0 0 0 82 0 82 76 87 77 0 0 0 0 0 0 0 0 0 0 0 0 0 0 89 0 0 0 88 90 85 80 72 0 68 56 78 89 83 87 85 90 86 91 89 86 0 0 0 0 0 
0 0 0 0 0 0 0 0 0 0 0 0 0 0 82 0 82 76 84 77 0 0 0 0 0 0 0 0 0 0 0 0 0 0 89 0 0 0 88 90 79 73 80 0 69 62 82 78 83 83 85 90 86 91 89 86 0 0 0 0 0 
0 0 0 0 0 0 0 0 0 0 0 0 0 0 82 0 82 85 79 77 82 0 0 0 0 0 0 0 0 0 0 0 0 0 89 0 0 0 86 90 84 85 69 0 85 65 82 86 89 83 85 90 86 91 89 86 0 0 0 0 0 
0 0 0 0 0 0 0 0 0 0 0 0 0 0 82 0 82 85 79 77 82 0 0 0 0 0 0 0 0 0 0 0 0 0 89 0 0 0 86 90 75 79 67 0 67 86 86 79 88 86 85 90 86 91 89 86 0 0 0 0 0 
0 0 0 0 0 0 0 0 0 0 0 0 0 0 82 0 82 85 88 77 82 0 0 0 0 0 0 0 0 0 0 0 0 0 89 0 0 0 79 90 71 80 63 0 76 78 84 82 88 89 85 90 86 91 89 86 0 0 0 0 0 
0 0 0 0 0 0 0 0 0 0 0 0 0 0 78 0 82 85 78 86 82 0 0 0 0 0 0 0 0 0 0 0 0 0 89 0 0 0 82 90 79 78 67 0 70 80 79 81 88 91 85 90 86 91 89 86 0 0 0 0 0 
0 0 0 0 0 0 0 0 0 0 0 0 0 0 84 0 87 85 83 86 82 0 0 0 0 0 0 0 0 0 0 0 0 0 85 0 0 0 82 90 75 76 66 0 70 77 83 81 88 91 85 90 86 91 89 86 0 0 0 0 0 
0 0 0 0 0 0 0 0 0 0 0 0 0 0 84 0 87 85 83 86 82 0 0 0 0 0 0 0 0 0 0 0 0 0 85 0 0 0 82 90 79 75 66 0 81 82 82 86 88 88 85 90 86 91 89 86 0 0 0 0 0 
0 0 0 0 0 0 0 0 0 0 0 0 0 0 84 0 87 85 83 86 82 0 0 0 0 0 0 0 0 0 0 0 0 0 85 0 0 0 76 90 65 76 66 0 81 84 89 80 88 86 85 90 86 91 89 86 0 0 0 0 0 
0 0 0 0 0 0 0 0 0 0 0 0 0 0 84 0 87 85 83 86 82 0 0 0 0 0 0 0 0 0 0 0 0 0 85 0 0 0 76 90 66 70 68 0 75 82 82 84 88 91 85 90 86 91 89 86 0 0 0 0 0 
0 0 0 0 0 0 0 0 0 0 0 0 0 0 84 0 87 85 83 86 82 0 0 0 0 0 0 0 0 0 0 0 0 0 85 0 0 0 76 90 68 87 62 0 80 85 84 83 88 91 85 90 86 91 89 86 0 0 0 0 0 
0 0 0 0 0 0 0 0 0 0 0 0 0 0 84 0 87 85 83 86 82 0 0 0 0 0 0 0 0 0 0 0 0 0 85 0 0 0 83 75 62 58 71 0 81 83 79 82 88 88 85 90 86 91 87 86 0 0 0 0 0 
0 92 0 0 0 0 0 0 0 0 0 0 0 0 84 0 87 85 83 86 82 0 0 0 0 0 0 0 0 0 0 0 0 87 85 0 86 0 74 73 66 63 73 0 84 87 79 86 88 88 85 90 86 91 87 86 0 0 0 0 0 
0 92 0 0 0 0 0 0 0 0 0 0 0 0 84 0 87 85 83 86 82 0 0 0 0 0 0 0 0 0 0 0 0 85 85 0 86 0 83 73 68 67 75 0 89 85 79 82 88 88 85 90 86 91 87 86 0 0 0 0 0 
0 92 0 0 0 0 0 0 0 0 0 0 0 0 84 0 87 85 83 86 82 0 0 0 0 0 0 0 0 0 0 0 84 87 85 0 86 0 73 79 58 56 72 0 80 87 79 83 88 89 85 90 86 91 87 86 0 0 0 0 0 
