
0 0 0 0 0 0 0 0 0 0 0 0 0 0 0 0 0 10 0 10 0 0 0 0 0 0 0 0 0 0 0 0 0 0 0 0 0 0 16 7 23 34 35 0 37 26 20 24 14 25 16 20 13 0 0 17 0 0 0 0 0 
0 0 0 0 0 0 0 0 0 0 0 0 0 0 0 0 0 10 0 10 0 0 0 0 0 0 0 0 0 0 0 0 0 0 0 0 0 0 16 7 23 34 35 0 37 26 20 24 14 25 16 20 13 0 0 17 0 0 0 0 0 
0 0 0 0 0 0 0 0 0 0 0 0 0 0 0 0 0 10 0 10 0 0 0 0 0 0 0 0 0 0 0 0 0 0 0 0 0 0 16 7 23 34 35 0 37 26 20 24 14 25 16 20 13 0 0 17 0 0 0 0 0 
0 0 0 0 0 0 0 0 0 0 0 0 0 0 0 0 0 10 7 10 0 0 0 0 0 0 0 0 0 0 0 0 0 0 0 0 0 0 18 7 22 23 34 0 33 26 23 20 16 19 16 20 10 0 10 17 0 0 0 0 0 
0 0 0 0 0 0 0 0 0 0 0 0 0 0 0 0 0 10 7 10 0 0 0 0 0 0 0 0 0 0 0 0 0 0 0 0 0 0 18 7 22 23 34 0 33 26 23 20 16 19 16 20 10 0 10 17 0 0 0 0 0 
0 0 0 0 0 0 0 0 0 0 0 0 0 0 0 0 0 10 7 10 0 0 0 0 0 0 0 0 0 0 0 0 0 0 0 0 0 0 18 7 22 23 34 0 33 26 23 20 16 19 16 20 10 0 10 17 0 0 0 0 0 
0 0 0 0 0 0 0 0 0 0 0 0 0 0 0 0 0 10 7 10 0 0 0 0 0 0 0 0 0 0 0 0 0 0 0 0 0 0 17 7 21 19 33 0 33 32 22 21 11 19 15 16 10 0 10 13 0 0 0 0 0 
0 0 0 0 0 0 0 0 0 0 0 0 0 0 0 0 0 10 7 10 0 0 0 0 0 0 0 0 0 0 0 0 0 0 0 0 0 0 17 7 21 19 33 0 33 32 22 21 11 19 15 16 10 0 10 13 0 0 0 0 0 
0 0 0 0 0 0 0 0 0 0 0 0 0 0 0 0 0 10 7 10 0 0 0 0 0 0 0 0 0 0 0 0 0 0 0 0 0 0 17 7 21 19 33 0 33 32 22 21 11 19 15 16 10 0 10 13 0 0 0 0 0 
0 0 0 0 0 0 0 0 0 0 0 0 0 0 0 0 0 9 7 12 0 0 0 0 0 0 0 0 0 0 0 0 0 0 0 0 0 0 18 7 21 19 32 0 33 29 19 22 13 17 14 17 9 0 10 16 0 0 0 0 0 
0 0 0 0 0 0 0 0 0 0 0 0 0 0 0 0 0 9 7 12 0 0 0 0 0 0 0 0 0 0 0 0 0 0 0 0 0 0 18 7 21 19 32 0 33 29 19 22 13 17 14 17 9 0 10 16 0 0 0 0 0 
0 0 0 0 0 0 0 0 0 0 0 0 0 0 0 0 0 9 7 12 0 0 0 0 0 0 0 0 0 0 0 0 0 0 0 0 0 0 18 7 21 19 32 0 33 29 19 22 13 17 14 17 9 0 10 16 0 0 0 0 0 
0 0 0 0 0 0 0 0 0 0 0 0 0 0 0 0 0 9 7 12 0 0 0 0 0 0 0 0 0 0 0 0 0 0 0 0 0 0 18 7 9 17 32 0 34 30 18 26 12 17 15 17 9 0 13 16 0 0 0 0 0 
0 0 0 0 0 0 0 0 0 0 0 0 0 0 0 0 0 9 7 12 0 0 0 0 0 0 0 0 0 0 0 0 0 0 0 0 0 0 18 7 9 17 32 0 34 30 18 26 12 17 15 17 9 0 13 16 0 0 0 0 0 
0 0 0 0 0 0 0 0 0 0 0 0 0 0 0 0 0 9 7 12 0 0 0 0 0 0 0 0 0 0 0 0 0 0 0 0 0 0 18 7 9 17 32 0 34 30 18 26 12 17 15 17 9 0 13 16 0 0 0 0 0 
0 0 0 0 0 0 0 0 0 0 0 0 0 0 0 0 0 9 7 12 0 0 0 0 0 0 0 0 0 0 0 0 0 0 0 0 0 0 17 4 21 19 32 0 33 31 18 19 13 17 13 17 10 0 9 16 0 0 0 0 0 
0 0 0 0 0 0 0 0 0 0 0 0 0 0 0 0 0 9 7 12 0 0 0 0 0 0 0 0 0 0 0 0 0 0 0 0 0 0 17 4 21 19 32 0 33 31 18 19 13 17 13 17 10 0 9 16 0 0 0 0 0 
0 0 0 0 0 0 0 0 0 0 0 0 0 0 0 0 0 9 7 12 0 0 0 0 0 0 0 0 0 0 0 0 0 0 0 0 0 0 17 4 21 19 32 0 33 31 18 19 13 17 13 17 10 0 9 16 0 0 0 0 0 
0 0 0 0 0 0 0 0 0 0 0 0 0 0 0 0 0 8 7 12 0 0 0 0 0 0 0 0 0 0 0 0 0 0 0 0 0 0 18 4 20 21 12 0 34 30 17 20 13 17 14 16 10 0 9 14 0 0 0 0 0 
0 0 0 0 0 0 0 0 0 0 0 0 0 0 0 0 0 8 7 12 0 0 0 0 0 0 0 0 0 0 0 0 0 0 0 0 0 0 18 4 20 21 12 0 34 30 17 20 13 17 14 16 10 0 9 14 0 0 0 0 0 
0 0 0 0 0 0 0 0 0 0 0 0 0 0 0 0 0 8 7 12 0 0 0 0 0 0 0 0 0 0 0 0 0 0 0 0 0 0 18 4 20 21 12 0 34 30 17 20 13 17 14 16 10 0 9 14 0 0 0 0 0 
0 0 0 0 0 0 0 0 0 0 0 0 0 0 0 0 0 8 8 12 0 0 0 0 0 0 0 0 0 0 0 0 0 0 0 0 0 0 18 7 12 19 31 0 45 31 17 24 10 19 15 17 10 0 9 13 0 0 0 0 0 
0 0 0 0 0 0 0 0 0 0 0 0 0 0 0 0 0 8 8 12 0 0 0 0 0 0 0 0 0 0 0 0 0 0 0 0 0 0 18 7 12 19 31 0 45 31 17 24 10 19 15 17 10 0 9 13 0 0 0 0 0 
0 0 0 0 0 0 0 0 0 0 0 0 0 0 0 0 0 8 8 12 0 0 0 0 0 0 0 0 0 0 0 0 0 0 0 0 0 0 18 7 12 19 31 0 45 31 17 24 10 19 15 17 10 0 9 13 0 0 0 0 0 
0 0 0 0 0 0 0 0 0 0 0 0 0 0 0 0 0 10 8 13 0 0 0 0 0 0 0 0 0 0 0 0 0 0 0 0 0 0 18 7 22 21 32 0 33 31 17 22 10 15 15 17 10 0 9 14 0 0 0 0 0 
0 0 0 0 0 0 0 0 0 0 0 0 0 0 0 0 0 10 8 13 0 0 0 0 0 0 0 0 0 0 0 0 0 0 0 0 0 0 18 7 22 21 32 0 33 31 17 22 10 15 15 17 10 0 9 14 0 0 0 0 0 
0 0 0 0 0 0 0 0 0 0 0 0 0 0 0 0 0 10 8 13 0 0 0 0 0 0 0 0 0 0 0 0 0 0 0 0 0 0 18 7 22 21 32 0 33 31 17 22 10 15 15 17 10 0 9 14 0 0 0 0 0 
0 0 0 0 0 0 0 0 0 0 0 0 0 0 0 0 0 9 8 13 0 0 0 0 0 0 0 0 0 0 0 0 0 0 0 0 0 0 18 7 20 21 33 0 35 31 17 23 12 18 13 17 10 0 9 12 0 0 0 0 0 
0 0 0 0 0 0 0 0 0 0 0 0 0 0 0 0 0 9 8 13 0 0 0 0 0 0 0 0 0 0 0 0 0 0 0 0 0 0 18 7 20 21 33 0 35 31 17 23 12 18 13 17 10 0 9 12 0 0 0 0 0 
0 0 0 0 0 0 0 0 0 0 0 0 0 0 0 0 0 9 8 13 0 0 0 0 0 0 0 0 0 0 0 0 0 0 0 0 0 0 18 7 20 21 33 0 35 31 17 23 12 18 13 17 10 0 9 12 0 0 0 0 0 
0 0 0 0 0 0 0 0 0 0 0 0 0 0 0 0 0 9 5 13 0 0 0 0 0 0 0 0 0 0 0 0 0 0 0 0 0 0 17 8 23 31 32 0 33 30 18 24 12 16 15 17 10 0 9 12 0 0 0 0 0 
0 0 0 0 0 0 0 0 0 0 0 0 0 0 0 0 0 9 5 13 0 0 0 0 0 0 0 0 0 0 0 0 0 0 0 0 0 0 17 8 23 31 32 0 33 30 18 24 12 16 15 17 10 0 9 12 0 0 0 0 0 
0 0 0 0 0 0 0 0 0 0 0 0 0 0 0 0 0 9 5 13 0 0 0 0 0 0 0 0 0 0 0 0 0 0 0 0 0 0 17 8 23 31 32 0 33 30 18 24 12 16 15 17 10 0 9 12 0 0 0 0 0 
0 0 0 0 0 0 0 0 0 0 0 0 0 0 0 0 0 9 5 11 0 0 0 0 0 0 0 0 0 0 0 0 0 0 8 0 0 0 9 8 21 31 32 0 33 31 17 24 12 20 15 17 10 0 10 12 0 0 0 0 0 
0 0 0 0 0 0 0 0 0 0 0 0 0 0 0 0 0 9 5 11 0 0 0 0 0 0 0 0 0 0 0 0 0 0 8 0 0 0 9 8 21 31 32 0 33 31 17 24 12 20 15 17 10 0 10 12 0 0 0 0 0 
0 0 0 0 0 0 0 0 0 0 0 0 0 0 0 0 0 9 5 11 0 0 0 0 0 0 0 0 0 0 0 0 0 0 8 0 0 0 9 8 21 31 32 0 33 31 17 24 12 20 15 17 10 0 10 12 0 0 0 0 0 
0 0 0 0 0 0 0 0 0 0 0 0 0 0 0 0 0 9 5 12 0 0 0 0 0 0 0 0 0 0 0 0 0 0 8 0 0 0 19 8 21 22 17 0 33 31 18 23 12 18 15 17 9 0 10 12 0 0 0 0 0 
0 0 0 0 0 0 0 0 0 0 0 0 0 0 0 0 0 9 5 12 0 0 0 0 0 0 0 0 0 0 0 0 0 0 8 0 0 0 19 8 21 22 17 0 33 31 18 23 12 18 15 17 9 0 10 12 0 0 0 0 0 
0 0 0 0 0 0 0 0 0 0 0 0 0 0 0 0 0 9 5 12 0 0 0 0 0 0 0 0 0 0 0 0 0 0 8 0 0 0 19 8 21 22 17 0 33 31 18 23 12 18 15 17 9 0 10 12 0 0 0 0 0 
0 0 0 0 0 0 0 0 0 0 0 0 0 0 0 0 0 9 9 12 11 0 0 0 0 0 0 0 0 0 0 0 0 0 8 0 0 0 19 7 22 20 34 0 33 29 22 26 14 15 15 10 9 0 10 13 0 0 0 0 0 
0 0 0 0 0 0 0 0 0 0 0 0 0 0 0 0 0 9 9 12 11 0 0 0 0 0 0 0 0 0 0 0 0 0 8 0 0 0 19 7 22 20 34 0 33 29 22 26 14 15 15 10 9 0 10 13 0 0 0 0 0 
0 0 0 0 0 0 0 0 0 0 0 0 0 0 0 0 0 9 9 12 11 0 0 0 0 0 0 0 0 0 0 0 0 0 8 0 0 0 19 7 22 20 34 0 33 29 22 26 14 15 15 10 9 0 10 13 0 0 0 0 0 
0 0 0 0 0 0 0 0 0 0 0 0 0 0 0 0 0 9 9 15 11 0 0 0 0 0 0 0 0 0 0 0 0 0 8 0 0 0 17 8 23 20 33 0 33 45 16 24 10 16 14 10 9 0 10 13 0 0 0 0 0 
0 0 0 0 0 0 0 0 0 0 0 0 0 0 0 0 0 9 9 15 11 0 0 0 0 0 0 0 0 0 0 0 0 0 8 0 0 0 17 8 23 20 33 0 33 45 16 24 10 16 14 10 9 0 10 13 0 0 0 0 0 
0 0 0 0 0 0 0 0 0 0 0 0 0 0 0 0 0 9 9 15 11 0 0 0 0 0 0 0 0 0 0 0 0 0 8 0 0 0 17 8 23 20 33 0 33 45 16 24 10 16 14 10 9 0 10 13 0 0 0 0 0 
0 0 0 0 0 0 0 0 0 0 0 0 0 0 0 0 0 9 9 11 11 0 0 0 0 0 0 0 0 0 0 0 0 0 8 0 0 0 17 8 21 20 18 0 32 17 19 17 12 20 16 10 9 0 10 14 0 0 0 0 0 
0 0 0 0 0 0 0 0 0 0 0 0 0 0 0 0 0 9 9 11 11 0 0 0 0 0 0 0 0 0 0 0 0 0 8 0 0 0 17 8 21 20 18 0 32 17 19 17 12 20 16 10 9 0 10 14 0 0 0 0 0 
0 0 0 0 0 0 0 0 0 0 0 0 0 0 0 0 0 9 9 11 11 0 0 0 0 0 0 0 0 0 0 0 0 0 8 0 0 0 17 8 21 20 18 0 32 17 19 17 12 20 16 10 9 0 10 14 0 0 0 0 0 
0 0 0 0 0 0 0 0 0 0 0 0 0 0 0 0 0 10 9 11 11 0 0 0 0 0 0 0 0 0 0 0 0 0 8 0 0 0 17 8 23 22 32 0 33 31 13 24 11 17 14 10 9 0 10 14 0 0 0 0 0 
0 0 0 0 0 0 0 0 0 0 0 0 0 0 0 0 0 10 9 11 11 0 0 0 0 0 0 0 0 0 0 0 0 0 8 0 0 0 17 8 23 22 32 0 33 31 13 24 11 17 14 10 9 0 10 14 0 0 0 0 0 
0 0 0 0 0 0 0 0 0 0 0 0 0 0 0 0 0 10 9 11 11 0 0 0 0 0 0 0 0 0 0 0 0 0 8 0 0 0 17 8 23 22 32 0 33 31 13 24 11 17 14 10 9 0 10 14 0 0 0 0 0 
0 0 0 0 0 0 0 0 0 0 0 0 0 0 0 0 0 10 9 11 11 0 0 0 0 0 0 0 0 0 0 0 0 0 8 0 0 0 18 7 20 21 32 0 34 17 18 26 11 17 15 17 9 0 10 13 0 0 0 0 0 
0 0 0 0 0 0 0 0 0 0 0 0 0 0 0 0 0 10 9 11 11 0 0 0 0 0 0 0 0 0 0 0 0 0 8 0 0 0 18 7 20 21 32 0 34 17 18 26 11 17 15 17 9 0 10 13 0 0 0 0 0 
0 0 0 0 0 0 0 0 0 0 0 0 0 0 0 0 0 10 9 11 11 0 0 0 0 0 0 0 0 0 0 0 0 0 8 0 0 0 18 7 20 21 32 0 34 17 18 26 11 17 15 17 9 0 10 13 0 0 0 0 0 
0 0 0 0 0 0 0 0 0 0 0 0 0 0 0 0 0 8 9 13 11 0 0 0 0 0 0 0 0 0 0 0 0 0 8 0 0 0 17 7 21 21 32 0 33 31 18 24 11 9 14 17 12 0 10 13 0 0 0 0 0 
0 0 0 0 0 0 0 0 0 0 0 0 0 0 0 0 0 8 9 13 11 0 0 0 0 0 0 0 0 0 0 0 0 0 8 0 0 0 17 7 21 21 32 0 33 31 18 24 11 9 14 17 12 0 10 13 0 0 0 0 0 
0 0 0 0 0 0 0 0 0 0 0 0 0 0 0 0 0 8 9 13 11 0 0 0 0 0 0 0 0 0 0 0 0 0 8 0 0 0 17 7 21 21 32 0 33 31 18 24 11 9 14 17 12 0 10 13 0 0 0 0 0 
0 0 0 0 0 0 0 0 0 0 0 0 0 0 0 0 0 9 7 11 10 0 0 0 0 0 0 0 0 0 0 0 0 0 8 0 0 0 18 9 23 21 9 0 34 13 18 24 11 21 15 17 11 0 10 14 0 0 0 0 0 
0 0 0 0 0 0 0 0 0 0 0 0 0 0 0 0 0 9 7 11 10 0 0 0 0 0 0 0 0 0 0 0 0 0 8 0 0 0 18 9 23 21 9 0 34 13 18 24 11 21 15 17 11 0 10 14 0 0 0 0 0 
0 0 0 0 0 0 0 0 0 0 0 0 0 0 0 0 0 9 7 11 10 0 0 0 0 0 0 0 0 0 0 0 0 0 8 0 0 0 18 9 23 21 9 0 34 13 18 24 11 21 15 17 11 0 10 14 0 0 0 0 0 
0 0 0 0 0 0 0 0 0 0 0 0 0 0 0 0 0 9 7 11 7 0 0 0 0 0 0 0 0 0 0 0 0 0 8 0 0 0 18 9 22 18 32 0 15 34 12 26 11 18 13 16 11 0 10 15 0 0 0 0 0 
0 0 0 0 0 0 0 0 0 0 0 0 0 0 0 0 0 9 7 11 7 0 0 0 0 0 0 0 0 0 0 0 0 0 8 0 0 0 18 9 22 18 32 0 15 34 12 26 11 18 13 16 11 0 10 15 0 0 0 0 0 
0 0 0 0 0 0 0 0 0 0 0 0 0 0 0 0 0 9 7 11 7 0 0 0 0 0 0 0 0 0 0 0 0 0 8 0 0 0 18 9 22 18 32 0 15 34 12 26 11 18 13 16 11 0 10 15 0 0 0 0 0 
0 0 0 0 0 0 0 0 0 0 0 0 0 0 0 0 0 9 7 11 7 0 0 0 0 0 0 0 0 0 0 0 0 0 8 0 0 0 15 9 23 22 33 0 33 31 22 8 13 19 14 16 11 0 10 15 0 0 0 0 0 
0 0 0 0 0 0 0 0 0 0 0 0 0 0 0 0 0 9 7 11 7 0 0 0 0 0 0 0 0 0 0 0 0 0 8 0 0 0 15 9 23 22 33 0 33 31 22 8 13 19 14 16 11 0 10 15 0 0 0 0 0 
0 0 0 0 0 0 0 0 0 0 0 0 0 0 0 0 0 9 7 11 7 0 0 0 0 0 0 0 0 0 0 0 0 0 8 0 0 0 15 9 23 22 33 0 33 31 22 8 13 19 14 16 11 0 10 15 0 0 0 0 0 
0 0 0 0 0 0 0 0 0 0 0 0 0 0 0 0 0 9 7 11 7 0 0 0 0 0 0 0 0 0 0 0 0 0 8 0 0 0 15 9 14 21 33 0 32 31 19 24 15 18 15 16 11 0 11 12 0 0 0 0 0 
0 0 0 0 0 0 0 0 0 0 0 0 0 0 0 0 0 9 7 11 7 0 0 0 0 0 0 0 0 0 0 0 0 0 8 0 0 0 15 9 14 21 33 0 32 31 19 24 15 18 15 16 11 0 11 12 0 0 0 0 0 
0 0 0 0 0 0 0 0 0 0 0 0 0 0 0 0 0 9 7 11 7 0 0 0 0 0 0 0 0 0 0 0 0 0 8 0 0 0 15 9 14 21 33 0 32 31 19 24 15 18 15 16 11 0 11 12 0 0 0 0 0 
0 0 0 0 0 0 0 0 0 0 0 0 0 0 0 0 0 9 7 12 7 0 0 0 0 0 0 0 0 0 0 0 0 0 8 0 0 0 15 9 22 18 15 0 33 31 17 23 15 17 14 16 11 0 11 13 0 0 0 0 0 
0 0 0 0 0 0 0 0 0 0 0 0 0 0 0 0 0 9 7 12 7 0 0 0 0 0 0 0 0 0 0 0 0 0 8 0 0 0 15 9 22 18 15 0 33 31 17 23 15 17 14 16 11 0 11 13 0 0 0 0 0 
0 0 0 0 0 0 0 0 0 0 0 0 0 0 0 0 0 9 7 12 7 0 0 0 0 0 0 0 0 0 0 0 0 0 8 0 0 0 15 9 22 18 15 0 33 31 17 23 15 17 14 16 11 0 11 13 0 0 0 0 0 
0 0 0 0 0 0 0 0 0 0 0 0 0 0 0 0 0 10 9 13 7 0 0 0 0 0 0 0 0 0 0 0 0 0 8 0 0 0 15 9 22 17 14 0 34 29 17 22 15 17 15 16 11 0 11 13 0 0 0 0 0 
0 0 0 0 0 0 0 0 0 0 0 0 0 0 0 0 0 10 9 13 7 0 0 0 0 0 0 0 0 0 0 0 0 0 8 0 0 0 15 9 22 17 14 0 34 29 17 22 15 17 15 16 11 0 11 13 0 0 0 0 0 
0 0 0 0 0 0 0 0 0 0 0 0 0 0 0 0 0 10 9 13 7 0 0 0 0 0 0 0 0 0 0 0 0 0 8 0 0 0 15 9 22 17 14 0 34 29 17 22 15 17 15 16 11 0 11 13 0 0 0 0 0 
0 0 0 0 0 0 0 0 0 0 0 0 0 0 0 0 0 10 10 11 7 0 0 0 0 0 0 0 0 0 0 0 0 0 8 0 0 0 17 9 21 17 32 0 33 29 18 22 10 17 14 16 11 0 11 15 0 0 0 0 0 
0 0 0 0 0 0 0 0 0 0 0 0 0 0 0 0 0 10 10 11 7 0 0 0 0 0 0 0 0 0 0 0 0 0 8 0 0 0 17 9 21 17 32 0 33 29 18 22 10 17 14 16 11 0 11 15 0 0 0 0 0 
0 0 0 0 0 0 0 0 0 0 0 0 0 0 0 0 0 10 10 11 7 0 0 0 0 0 0 0 0 0 0 0 0 0 8 0 0 0 17 9 21 17 32 0 33 29 18 22 10 17 14 16 11 0 11 15 0 0 0 0 0 
0 0 0 0 0 0 0 0 0 0 0 0 0 0 0 0 0 8 8 12 7 0 0 0 0 0 0 0 0 0 0 0 0 0 8 0 0 0 18 7 23 17 18 0 33 32 18 23 14 18 15 16 11 0 7 15 0 0 0 0 0 
0 0 0 0 0 0 0 0 0 0 0 0 0 0 0 0 0 8 8 12 7 0 0 0 0 0 0 0 0 0 0 0 0 0 8 0 0 0 18 7 23 17 18 0 33 32 18 23 14 18 15 16 11 0 7 15 0 0 0 0 0 
0 0 0 0 0 0 0 0 0 0 0 0 0 0 0 0 0 8 8 12 7 0 0 0 0 0 0 0 0 0 0 0 0 0 8 0 0 0 18 7 23 17 18 0 33 32 18 23 14 18 15 16 11 0 7 15 0 0 0 0 0 
0 0 0 0 0 0 0 0 0 0 0 0 0 0 0 0 0 9 8 12 7 0 0 0 0 0 0 0 0 0 0 0 0 0 8 0 0 0 17 7 22 17 15 0 33 30 18 22 14 20 14 16 9 0 9 15 0 0 0 0 0 
0 0 0 0 0 0 0 0 0 0 0 0 0 0 0 0 0 9 8 12 7 0 0 0 0 0 0 0 0 0 0 0 0 0 8 0 0 0 17 7 22 17 15 0 33 30 18 22 14 20 14 16 9 0 9 15 0 0 0 0 0 
0 0 0 0 0 0 0 0 0 0 0 0 0 0 0 0 0 9 8 12 7 0 0 0 0 0 0 0 0 0 0 0 0 0 8 0 0 0 17 7 22 17 15 0 33 30 18 22 14 20 14 16 9 0 9 15 0 0 0 0 0 
0 0 0 0 0 0 0 0 0 0 0 0 0 0 0 0 0 9 8 15 7 0 0 0 0 0 0 0 0 0 0 0 0 0 8 0 0 0 17 9 14 22 33 0 32 30 18 17 13 18 14 17 9 0 7 13 0 0 0 0 0 
0 0 0 0 0 0 0 0 0 0 0 0 0 0 0 0 0 9 8 15 7 0 0 0 0 0 0 0 0 0 0 0 0 0 8 0 0 0 17 9 14 22 33 0 32 30 18 17 13 18 14 17 9 0 7 13 0 0 0 0 0 
0 0 0 0 0 0 0 0 0 0 0 0 0 0 0 0 0 9 8 15 7 0 0 0 0 0 0 0 0 0 0 0 0 0 8 0 0 0 17 9 14 22 33 0 32 30 18 17 13 18 14 17 9 0 7 13 0 0 0 0 0 
0 0 0 0 0 0 0 0 0 0 0 0 0 0 0 0 0 9 8 11 11 0 0 0 0 0 0 0 0 0 0 0 0 0 8 0 0 0 17 9 22 14 32 0 32 29 18 10 13 18 15 17 9 0 7 13 0 0 0 0 0 
0 0 0 0 0 0 0 0 0 0 0 0 0 0 0 0 0 9 8 11 11 0 0 0 0 0 0 0 0 0 0 0 0 0 8 0 0 0 17 9 22 14 32 0 32 29 18 10 13 18 15 17 9 0 7 13 0 0 0 0 0 
0 0 0 0 0 0 0 0 0 0 0 0 0 0 0 0 0 9 8 11 11 0 0 0 0 0 0 0 0 0 0 0 0 0 8 0 0 0 17 9 22 14 32 0 32 29 18 10 13 18 15 17 9 0 7 13 0 0 0 0 0 
0 0 0 0 0 0 0 0 0 0 0 0 0 0 0 0 0 9 8 11 11 0 0 0 0 0 0 0 0 0 0 0 0 0 8 0 0 0 19 9 20 18 33 0 32 30 17 21 11 19 15 17 9 0 7 15 0 0 0 0 0 
0 0 0 0 0 0 0 0 0 0 0 0 0 0 0 0 0 9 8 11 11 0 0 0 0 0 0 0 0 0 0 0 0 0 8 0 0 0 19 9 20 18 33 0 32 30 17 21 11 19 15 17 9 0 7 15 0 0 0 0 0 
0 0 0 0 0 0 0 0 0 0 0 0 0 0 0 0 0 9 8 11 11 0 0 0 0 0 0 0 0 0 0 0 0 0 8 0 0 0 19 9 20 18 33 0 32 30 17 21 11 19 15 17 9 0 7 15 0 0 0 0 0 
0 0 0 0 0 0 0 0 0 0 0 0 0 0 0 0 0 8 8 11 11 0 0 0 0 0 0 0 0 0 0 0 0 0 8 0 0 0 16 9 20 18 33 0 33 30 20 25 14 20 17 16 9 0 7 13 0 0 0 0 0 
0 0 0 0 0 0 0 0 0 0 0 0 0 0 0 0 0 8 8 11 11 0 0 0 0 0 0 0 0 0 0 0 0 0 8 0 0 0 16 9 20 18 33 0 33 30 20 25 14 20 17 16 9 0 7 13 0 0 0 0 0 
0 0 0 0 0 0 0 0 0 0 0 0 0 0 0 0 0 8 8 11 11 0 0 0 0 0 0 0 0 0 0 0 0 0 8 0 0 0 16 9 20 18 33 0 33 30 20 25 14 20 17 16 9 0 7 13 0 0 0 0 0 
0 0 0 0 0 0 0 0 0 0 0 0 0 0 0 0 0 8 8 13 9 0 0 0 0 0 0 0 0 0 0 0 0 0 8 0 0 0 16 9 21 22 32 0 35 16 16 23 14 17 13 16 9 0 7 15 0 0 0 0 0 
0 0 0 0 0 0 0 0 0 0 0 0 0 0 0 0 0 8 8 13 9 0 0 0 0 0 0 0 0 0 0 0 0 0 8 0 0 0 16 9 21 22 32 0 35 16 16 23 14 17 13 16 9 0 7 15 0 0 0 0 0 
0 0 0 0 0 0 0 0 0 0 0 0 0 0 0 0 0 8 8 13 9 0 0 0 0 0 0 0 0 0 0 0 0 0 8 0 0 0 16 9 21 22 32 0 35 16 16 23 14 17 13 16 9 0 7 15 0 0 0 0 0 
