
0 0 0 0 0 0 0 0 0 0 0 0 0 0 0 0 0 0 0 0 0 0 0 0 0 0 0 0 0 0 0 0 0 0 0 0 0 0 11 0 0 0 0 0 20 21 19 26 25 34 22 30 23 12 17 18 0 0 0 0 0 
0 0 0 0 0 0 0 0 0 0 0 0 0 0 0 0 0 0 0 0 0 0 0 0 0 0 0 0 0 0 0 0 0 0 0 0 0 0 11 0 0 0 0 0 20 21 19 26 25 34 22 30 23 12 17 18 0 0 0 0 0 
0 0 0 0 0 0 0 0 0 0 0 0 0 0 0 0 0 0 0 0 0 0 0 0 0 0 0 0 0 0 0 0 0 0 0 0 0 0 11 0 0 0 0 0 20 21 19 26 25 34 22 30 23 12 17 18 0 0 0 0 0 
0 0 0 0 0 0 0 0 0 0 0 0 0 0 0 0 0 0 0 0 0 0 0 0 0 0 0 0 0 0 0 0 0 0 0 0 0 0 11 15 11 0 14 0 13 28 37 28 28 37 14 32 20 9 26 12 0 0 0 0 0 
0 0 0 0 0 0 0 0 0 0 0 0 0 0 0 0 0 0 0 0 0 0 0 0 0 0 0 0 0 0 0 0 0 0 0 0 0 0 11 15 11 0 14 0 13 28 37 28 28 37 14 32 20 9 26 12 0 0 0 0 0 
0 0 0 0 0 0 0 0 0 0 0 0 0 0 0 0 0 0 0 0 0 0 0 0 0 0 0 0 0 0 0 0 0 0 0 0 0 0 11 15 11 0 14 0 13 28 37 28 28 37 14 32 20 9 26 12 0 0 0 0 0 
0 0 0 0 0 0 0 0 0 0 0 0 0 0 0 0 0 0 0 0 0 0 0 0 0 0 0 0 0 0 0 0 0 0 0 0 0 0 11 10 11 0 14 0 13 29 37 26 31 38 29 34 20 9 26 14 0 0 0 0 0 
0 0 0 0 0 0 0 0 0 0 0 0 0 0 0 0 0 0 0 0 0 0 0 0 0 0 0 0 0 0 0 0 0 0 0 0 0 0 11 10 11 0 14 0 13 29 37 26 31 38 29 34 20 9 26 14 0 0 0 0 0 
0 0 0 0 0 0 0 0 0 0 0 0 0 0 0 0 0 0 0 0 0 0 0 0 0 0 0 0 0 0 0 0 0 0 0 0 0 0 11 10 11 0 14 0 13 29 37 26 31 38 29 34 20 9 26 14 0 0 0 0 0 
0 0 0 0 0 0 0 0 0 0 0 0 0 0 0 0 0 8 0 0 0 0 0 0 0 0 0 0 0 0 0 0 0 0 0 0 0 0 11 10 11 0 14 0 13 25 36 28 20 38 28 17 24 9 20 16 0 0 0 0 0 
0 0 0 0 0 0 0 0 0 0 0 0 0 0 0 0 0 8 0 0 0 0 0 0 0 0 0 0 0 0 0 0 0 0 0 0 0 0 11 10 11 0 14 0 13 25 36 28 20 38 28 17 24 9 20 16 0 0 0 0 0 
0 0 0 0 0 0 0 0 0 0 0 0 0 0 0 0 0 8 0 0 0 0 0 0 0 0 0 0 0 0 0 0 0 0 0 0 0 0 11 10 11 0 14 0 13 25 36 28 20 38 28 17 24 9 20 16 0 0 0 0 0 
0 0 0 0 0 0 0 0 0 0 0 0 0 0 0 0 0 8 0 0 0 0 0 0 0 0 0 0 0 0 0 0 0 0 0 0 0 0 11 12 11 12 17 0 13 23 38 27 32 33 26 21 24 9 23 17 0 0 0 0 0 
0 0 0 0 0 0 0 0 0 0 0 0 0 0 0 0 0 8 0 0 0 0 0 0 0 0 0 0 0 0 0 0 0 0 0 0 0 0 11 12 11 12 17 0 13 23 38 27 32 33 26 21 24 9 23 17 0 0 0 0 0 
0 0 0 0 0 0 0 0 0 0 0 0 0 0 0 0 0 8 0 0 0 0 0 0 0 0 0 0 0 0 0 0 0 0 0 0 0 0 11 12 11 12 17 0 13 23 38 27 32 33 26 21 24 9 23 17 0 0 0 0 0 
0 0 0 0 0 0 0 0 0 0 0 0 0 0 0 0 0 8 0 0 0 0 0 0 0 0 0 0 0 0 0 0 0 0 0 0 0 0 11 12 11 12 17 0 13 24 37 27 31 35 29 22 24 7 28 17 0 0 0 0 0 
0 0 0 0 0 0 0 0 0 0 0 0 0 0 0 0 0 8 0 0 0 0 0 0 0 0 0 0 0 0 0 0 0 0 0 0 0 0 11 12 11 12 17 0 13 24 37 27 31 35 29 22 24 7 28 17 0 0 0 0 0 
0 0 0 0 0 0 0 0 0 0 0 0 0 0 0 0 0 8 0 0 0 0 0 0 0 0 0 0 0 0 0 0 0 0 0 0 0 0 11 12 11 12 17 0 13 24 37 27 31 35 29 22 24 7 28 17 0 0 0 0 0 
0 0 0 0 0 0 0 0 0 0 0 0 0 0 0 0 0 8 0 0 0 0 0 0 0 0 0 0 0 0 0 0 0 0 0 0 0 0 11 12 13 14 17 0 12 25 38 25 30 38 32 34 24 7 25 18 0 0 0 0 0 
0 0 0 0 0 0 0 0 0 0 0 0 0 0 0 0 0 8 0 0 0 0 0 0 0 0 0 0 0 0 0 0 0 0 0 0 0 0 11 12 13 14 17 0 12 25 38 25 30 38 32 34 24 7 25 18 0 0 0 0 0 
0 0 0 0 0 0 0 0 0 0 0 0 0 0 0 0 0 8 0 0 0 0 0 0 0 0 0 0 0 0 0 0 0 0 0 0 0 0 11 12 13 14 17 0 12 25 38 25 30 38 32 34 24 7 25 18 0 0 0 0 0 
0 0 0 0 0 0 0 0 0 0 0 0 0 0 0 0 0 8 0 0 0 0 0 0 0 0 0 0 0 0 0 0 0 0 0 0 0 0 11 12 13 14 17 0 13 28 38 27 30 17 28 34 23 7 26 18 0 0 0 0 0 
0 0 0 0 0 0 0 0 0 0 0 0 0 0 0 0 0 8 0 0 0 0 0 0 0 0 0 0 0 0 0 0 0 0 0 0 0 0 11 12 13 14 17 0 13 28 38 27 30 17 28 34 23 7 26 18 0 0 0 0 0 
0 0 0 0 0 0 0 0 0 0 0 0 0 0 0 0 0 8 0 0 0 0 0 0 0 0 0 0 0 0 0 0 0 0 0 0 0 0 11 12 13 14 17 0 13 28 38 27 30 17 28 34 23 7 26 18 0 0 0 0 0 
0 0 0 0 0 0 0 0 0 0 0 0 0 0 0 0 0 8 0 0 0 0 0 0 0 0 0 0 0 0 0 0 0 0 0 0 0 0 11 12 13 14 17 0 15 24 36 29 31 37 28 33 23 7 25 17 0 0 0 0 0 
0 0 0 0 0 0 0 0 0 0 0 0 0 0 0 0 0 8 0 0 0 0 0 0 0 0 0 0 0 0 0 0 0 0 0 0 0 0 11 12 13 14 17 0 15 24 36 29 31 37 28 33 23 7 25 17 0 0 0 0 0 
0 0 0 0 0 0 0 0 0 0 0 0 0 0 0 0 0 8 0 0 0 0 0 0 0 0 0 0 0 0 0 0 0 0 0 0 0 0 11 12 13 14 17 0 15 24 36 29 31 37 28 33 23 7 25 17 0 0 0 0 0 
0 0 0 0 0 0 0 0 0 0 0 0 0 0 0 0 0 8 0 0 0 0 0 0 0 0 0 0 0 0 0 0 0 0 0 0 0 0 11 12 14 14 17 0 13 17 38 27 30 35 28 32 26 7 8 16 0 0 0 0 0 
0 0 0 0 0 0 0 0 0 0 0 0 0 0 0 0 0 8 0 0 0 0 0 0 0 0 0 0 0 0 0 0 0 0 0 0 0 0 11 12 14 14 17 0 13 17 38 27 30 35 28 32 26 7 8 16 0 0 0 0 0 
0 0 0 0 0 0 0 0 0 0 0 0 0 0 0 0 0 8 0 0 0 0 0 0 0 0 0 0 0 0 0 0 0 0 0 0 0 0 11 12 14 14 17 0 13 17 38 27 30 35 28 32 26 7 8 16 0 0 0 0 0 
0 0 0 0 0 0 0 0 0 0 0 0 0 0 0 0 0 8 0 0 0 0 0 0 0 0 0 0 0 0 0 0 0 0 0 0 0 0 10 12 14 13 20 0 13 26 36 26 29 38 18 35 25 7 19 23 0 0 0 0 0 
0 0 0 0 0 0 0 0 0 0 0 0 0 0 0 0 0 8 0 0 0 0 0 0 0 0 0 0 0 0 0 0 0 0 0 0 0 0 10 12 14 13 20 0 13 26 36 26 29 38 18 35 25 7 19 23 0 0 0 0 0 
0 0 0 0 0 0 0 0 0 0 0 0 0 0 0 0 0 8 0 0 0 0 0 0 0 0 0 0 0 0 0 0 0 0 0 0 0 0 10 12 14 13 20 0 13 26 36 26 29 38 18 35 25 7 19 23 0 0 0 0 0 
0 0 0 0 0 0 0 0 0 0 0 0 0 0 0 0 0 8 8 0 0 0 0 0 0 0 0 0 0 0 0 0 0 0 0 0 0 0 11 14 14 13 17 0 13 26 30 26 14 38 24 33 28 7 25 20 0 0 0 0 0 
0 0 0 0 0 0 0 0 0 0 0 0 0 0 0 0 0 8 8 0 0 0 0 0 0 0 0 0 0 0 0 0 0 0 0 0 0 0 11 14 14 13 17 0 13 26 30 26 14 38 24 33 28 7 25 20 0 0 0 0 0 
0 0 0 0 0 0 0 0 0 0 0 0 0 0 0 0 0 8 8 0 0 0 0 0 0 0 0 0 0 0 0 0 0 0 0 0 0 0 11 14 14 13 17 0 13 26 30 26 14 38 24 33 28 7 25 20 0 0 0 0 0 
0 0 0 0 0 0 0 0 0 0 0 0 0 0 0 0 0 8 7 0 0 0 0 0 0 0 0 0 0 0 0 0 0 0 0 0 0 0 11 13 14 13 17 0 13 26 36 26 29 42 27 32 25 7 27 19 0 0 0 0 0 
0 0 0 0 0 0 0 0 0 0 0 0 0 0 0 0 0 8 7 0 0 0 0 0 0 0 0 0 0 0 0 0 0 0 0 0 0 0 11 13 14 13 17 0 13 26 36 26 29 42 27 32 25 7 27 19 0 0 0 0 0 
0 0 0 0 0 0 0 0 0 0 0 0 0 0 0 0 0 8 7 0 0 0 0 0 0 0 0 0 0 0 0 0 0 0 0 0 0 0 11 13 14 13 17 0 13 26 36 26 29 42 27 32 25 7 27 19 0 0 0 0 0 
0 0 0 0 0 0 0 0 0 0 0 0 0 0 0 0 0 8 7 0 0 0 0 0 0 0 0 0 0 0 0 0 0 0 0 0 0 0 11 11 14 12 17 0 13 29 36 16 21 38 16 32 25 7 27 23 0 0 0 0 0 
0 0 0 0 0 0 0 0 0 0 0 0 0 0 0 0 0 8 7 0 0 0 0 0 0 0 0 0 0 0 0 0 0 0 0 0 0 0 11 11 14 12 17 0 13 29 36 16 21 38 16 32 25 7 27 23 0 0 0 0 0 
0 0 0 0 0 0 0 0 0 0 0 0 0 0 0 0 0 8 7 0 0 0 0 0 0 0 0 0 0 0 0 0 0 0 0 0 0 0 11 11 14 12 17 0 13 29 36 16 21 38 16 32 25 7 27 23 0 0 0 0 0 
0 0 0 0 0 0 0 0 0 0 0 0 0 0 0 0 0 8 7 0 0 0 0 0 0 0 0 0 0 0 0 0 0 0 0 0 0 0 11 11 14 12 18 0 13 16 32 26 29 38 28 36 26 7 26 20 0 0 0 0 0 
0 0 0 0 0 0 0 0 0 0 0 0 0 0 0 0 0 8 7 0 0 0 0 0 0 0 0 0 0 0 0 0 0 0 0 0 0 0 11 11 14 12 18 0 13 16 32 26 29 38 28 36 26 7 26 20 0 0 0 0 0 
0 0 0 0 0 0 0 0 0 0 0 0 0 0 0 0 0 8 7 0 0 0 0 0 0 0 0 0 0 0 0 0 0 0 0 0 0 0 11 11 14 12 18 0 13 16 32 26 29 38 28 36 26 7 26 20 0 0 0 0 0 
0 0 0 0 0 0 0 0 0 0 0 0 0 0 0 0 0 8 7 0 0 0 0 0 0 0 0 0 0 0 0 0 0 0 0 0 0 0 11 11 14 12 17 0 13 26 36 28 29 19 17 33 27 11 27 20 0 0 0 0 0 
0 0 0 0 0 0 0 0 0 0 0 0 0 0 0 0 0 8 7 0 0 0 0 0 0 0 0 0 0 0 0 0 0 0 0 0 0 0 11 11 14 12 17 0 13 26 36 28 29 19 17 33 27 11 27 20 0 0 0 0 0 
0 0 0 0 0 0 0 0 0 0 0 0 0 0 0 0 0 8 7 0 0 0 0 0 0 0 0 0 0 0 0 0 0 0 0 0 0 0 11 11 14 12 17 0 13 26 36 28 29 19 17 33 27 11 27 20 0 0 0 0 0 
0 0 0 0 0 0 0 0 0 0 0 0 0 0 0 0 0 8 7 0 0 0 0 0 0 0 0 0 0 0 0 0 0 0 0 0 0 0 11 11 13 12 18 0 13 25 35 26 29 38 29 33 16 11 24 19 0 0 0 0 0 
0 0 0 0 0 0 0 0 0 0 0 0 0 0 0 0 0 8 7 0 0 0 0 0 0 0 0 0 0 0 0 0 0 0 0 0 0 0 11 11 13 12 18 0 13 25 35 26 29 38 29 33 16 11 24 19 0 0 0 0 0 
0 0 0 0 0 0 0 0 0 0 0 0 0 0 0 0 0 8 7 0 0 0 0 0 0 0 0 0 0 0 0 0 0 0 0 0 0 0 11 11 13 12 18 0 13 25 35 26 29 38 29 33 16 11 24 19 0 0 0 0 0 
0 0 0 0 0 0 0 0 0 0 0 0 0 0 0 0 0 8 7 0 0 0 0 0 0 0 0 0 0 0 0 0 0 0 0 0 0 0 11 11 12 12 16 0 14 24 17 26 25 41 30 14 16 11 23 19 0 0 0 0 0 
0 0 0 0 0 0 0 0 0 0 0 0 0 0 0 0 0 8 7 0 0 0 0 0 0 0 0 0 0 0 0 0 0 0 0 0 0 0 11 11 12 12 16 0 14 24 17 26 25 41 30 14 16 11 23 19 0 0 0 0 0 
0 0 0 0 0 0 0 0 0 0 0 0 0 0 0 0 0 8 7 0 0 0 0 0 0 0 0 0 0 0 0 0 0 0 0 0 0 0 11 11 12 12 16 0 14 24 17 26 25 41 30 14 16 11 23 19 0 0 0 0 0 
0 0 0 0 0 0 0 0 0 0 0 0 0 0 0 0 0 8 7 0 0 0 0 0 0 0 0 0 0 0 0 0 0 0 0 0 0 0 11 14 12 12 16 0 12 24 32 25 31 18 28 19 16 6 26 19 0 0 0 0 0 
0 0 0 0 0 0 0 0 0 0 0 0 0 0 0 0 0 8 7 0 0 0 0 0 0 0 0 0 0 0 0 0 0 0 0 0 0 0 11 14 12 12 16 0 12 24 32 25 31 18 28 19 16 6 26 19 0 0 0 0 0 
0 0 0 0 0 0 0 0 0 0 0 0 0 0 0 0 0 8 7 0 0 0 0 0 0 0 0 0 0 0 0 0 0 0 0 0 0 0 11 14 12 12 16 0 12 24 32 25 31 18 28 19 16 6 26 19 0 0 0 0 0 
0 0 0 0 0 0 0 0 0 0 0 0 0 0 0 0 0 8 7 0 0 0 0 0 0 0 0 0 0 0 0 0 0 0 0 0 0 0 11 14 13 12 17 0 12 24 35 25 29 38 28 34 24 6 25 17 0 0 0 0 0 
0 0 0 0 0 0 0 0 0 0 0 0 0 0 0 0 0 8 7 0 0 0 0 0 0 0 0 0 0 0 0 0 0 0 0 0 0 0 11 14 13 12 17 0 12 24 35 25 29 38 28 34 24 6 25 17 0 0 0 0 0 
0 0 0 0 0 0 0 0 0 0 0 0 0 0 0 0 0 8 7 0 0 0 0 0 0 0 0 0 0 0 0 0 0 0 0 0 0 0 11 14 13 12 17 0 12 24 35 25 29 38 28 34 24 6 25 17 0 0 0 0 0 
0 0 0 0 0 0 0 0 0 0 0 0 0 0 0 0 0 8 7 0 0 0 0 0 0 0 0 0 0 0 0 0 0 0 0 0 0 0 11 14 13 12 17 0 12 24 38 26 32 39 27 30 25 6 24 22 0 0 0 0 0 
0 0 0 0 0 0 0 0 0 0 0 0 0 0 0 0 0 8 7 0 0 0 0 0 0 0 0 0 0 0 0 0 0 0 0 0 0 0 11 14 13 12 17 0 12 24 38 26 32 39 27 30 25 6 24 22 0 0 0 0 0 
0 0 0 0 0 0 0 0 0 0 0 0 0 0 0 0 0 8 7 0 0 0 0 0 0 0 0 0 0 0 0 0 0 0 0 0 0 0 11 14 13 12 17 0 12 24 38 26 32 39 27 30 25 6 24 22 0 0 0 0 0 
0 0 0 0 0 0 0 0 0 0 0 0 0 0 0 0 0 8 7 0 0 0 0 0 0 0 0 0 0 0 0 0 0 0 0 0 0 0 11 14 11 12 17 0 13 24 36 25 30 38 29 33 24 9 24 20 0 0 0 0 0 
0 0 0 0 0 0 0 0 0 0 0 0 0 0 0 0 0 8 7 0 0 0 0 0 0 0 0 0 0 0 0 0 0 0 0 0 0 0 11 14 11 12 17 0 13 24 36 25 30 38 29 33 24 9 24 20 0 0 0 0 0 
0 0 0 0 0 0 0 0 0 0 0 0 0 0 0 0 0 8 7 0 0 0 0 0 0 0 0 0 0 0 0 0 0 0 0 0 0 0 11 14 11 12 17 0 13 24 36 25 30 38 29 33 24 9 24 20 0 0 0 0 0 
0 0 0 0 0 0 0 0 0 0 0 0 0 0 0 0 0 8 7 0 0 0 0 0 0 0 0 0 0 0 0 0 0 0 0 0 0 0 11 14 11 12 17 0 12 16 36 25 26 15 28 33 24 9 28 22 0 0 0 0 0 
0 0 0 0 0 0 0 0 0 0 0 0 0 0 0 0 0 8 7 0 0 0 0 0 0 0 0 0 0 0 0 0 0 0 0 0 0 0 11 14 11 12 17 0 12 16 36 25 26 15 28 33 24 9 28 22 0 0 0 0 0 
0 0 0 0 0 0 0 0 0 0 0 0 0 0 0 0 0 8 7 0 0 0 0 0 0 0 0 0 0 0 0 0 0 0 0 0 0 0 11 14 11 12 17 0 12 16 36 25 26 15 28 33 24 9 28 22 0 0 0 0 0 
0 0 0 0 0 0 0 0 0 0 0 0 0 0 0 0 0 8 7 0 0 0 0 0 0 0 0 0 0 0 0 0 0 0 0 0 0 0 11 13 12 13 17 0 12 23 13 27 18 38 29 33 26 8 25 21 0 0 0 0 0 
0 0 0 0 0 0 0 0 0 0 0 0 0 0 0 0 0 8 7 0 0 0 0 0 0 0 0 0 0 0 0 0 0 0 0 0 0 0 11 13 12 13 17 0 12 23 13 27 18 38 29 33 26 8 25 21 0 0 0 0 0 
0 0 0 0 0 0 0 0 0 0 0 0 0 0 0 0 0 8 7 0 0 0 0 0 0 0 0 0 0 0 0 0 0 0 0 0 0 0 11 13 12 13 17 0 12 23 13 27 18 38 29 33 26 8 25 21 0 0 0 0 0 
0 0 0 0 0 0 0 0 0 0 0 0 0 0 0 0 0 8 7 0 0 0 0 0 0 0 0 0 0 0 0 0 0 0 0 0 0 0 11 13 12 13 17 0 13 18 37 26 31 39 27 32 24 8 18 21 0 0 0 0 0 
0 0 0 0 0 0 0 0 0 0 0 0 0 0 0 0 0 8 7 0 0 0 0 0 0 0 0 0 0 0 0 0 0 0 0 0 0 0 11 13 12 13 17 0 13 18 37 26 31 39 27 32 24 8 18 21 0 0 0 0 0 
0 0 0 0 0 0 0 0 0 0 0 0 0 0 0 0 0 8 7 0 0 0 0 0 0 0 0 0 0 0 0 0 0 0 0 0 0 0 11 13 12 13 17 0 13 18 37 26 31 39 27 32 24 8 18 21 0 0 0 0 0 
0 0 0 0 0 0 0 0 0 0 0 0 0 0 0 0 0 8 7 0 0 0 0 0 0 0 0 0 0 0 0 0 0 0 0 0 0 0 11 13 13 12 18 0 13 23 37 19 31 38 19 33 25 8 28 21 0 0 0 0 0 
0 0 0 0 0 0 0 0 0 0 0 0 0 0 0 0 0 8 7 0 0 0 0 0 0 0 0 0 0 0 0 0 0 0 0 0 0 0 11 13 13 12 18 0 13 23 37 19 31 38 19 33 25 8 28 21 0 0 0 0 0 
0 0 0 0 0 0 0 0 0 0 0 0 0 0 0 0 0 8 7 0 0 0 0 0 0 0 0 0 0 0 0 0 0 0 0 0 0 0 11 13 13 12 18 0 13 23 37 19 31 38 19 33 25 8 28 21 0 0 0 0 0 
0 0 0 0 0 0 0 0 0 0 0 0 0 0 0 0 0 8 7 0 0 0 0 0 0 0 0 0 0 0 0 0 0 0 0 0 0 0 11 13 13 10 18 0 14 23 38 25 29 39 31 32 25 8 20 17 0 0 0 0 0 
0 0 0 0 0 0 0 0 0 0 0 0 0 0 0 0 0 8 7 0 0 0 0 0 0 0 0 0 0 0 0 0 0 0 0 0 0 0 11 13 13 10 18 0 14 23 38 25 29 39 31 32 25 8 20 17 0 0 0 0 0 
0 0 0 0 0 0 0 0 0 0 0 0 0 0 0 0 0 8 7 0 0 0 0 0 0 0 0 0 0 0 0 0 0 0 0 0 0 0 11 13 13 10 18 0 14 23 38 25 29 39 31 32 25 8 20 17 0 0 0 0 0 
0 0 0 0 0 0 0 0 0 0 0 0 0 0 0 0 0 8 7 0 0 0 0 0 0 0 0 0 0 0 0 0 0 0 0 0 0 0 11 13 13 10 18 0 14 24 37 26 29 39 28 32 25 8 23 15 0 0 0 0 0 
0 0 0 0 0 0 0 0 0 0 0 0 0 0 0 0 0 8 7 0 0 0 0 0 0 0 0 0 0 0 0 0 0 0 0 0 0 0 11 13 13 10 18 0 14 24 37 26 29 39 28 32 25 8 23 15 0 0 0 0 0 
0 0 0 0 0 0 0 0 0 0 0 0 0 0 0 0 0 8 7 0 0 0 0 0 0 0 0 0 0 0 0 0 0 0 0 0 0 0 11 13 13 10 18 0 14 24 37 26 29 39 28 32 25 8 23 15 0 0 0 0 0 
0 0 0 0 0 0 0 0 0 0 0 0 0 0 0 0 0 8 7 0 0 0 0 0 0 0 0 0 0 0 0 0 0 0 0 0 0 0 11 13 13 10 16 0 12 23 17 24 29 18 29 32 18 8 27 17 0 0 0 0 0 
0 0 0 0 0 0 0 0 0 0 0 0 0 0 0 0 0 8 7 0 0 0 0 0 0 0 0 0 0 0 0 0 0 0 0 0 0 0 11 13 13 10 16 0 12 23 17 24 29 18 29 32 18 8 27 17 0 0 0 0 0 
0 0 0 0 0 0 0 0 0 0 0 0 0 0 0 0 0 8 7 0 0 0 0 0 0 0 0 0 0 0 0 0 0 0 0 0 0 0 11 13 13 10 16 0 12 23 17 24 29 18 29 32 18 8 27 17 0 0 0 0 0 
0 0 0 0 0 0 0 0 0 0 0 0 0 0 0 0 0 8 5 0 0 0 0 0 0 0 0 0 0 0 0 0 0 0 0 0 0 0 11 13 13 10 21 0 12 23 38 24 30 39 29 31 25 8 26 17 0 0 0 0 0 
0 0 0 0 0 0 0 0 0 0 0 0 0 0 0 0 0 8 5 0 0 0 0 0 0 0 0 0 0 0 0 0 0 0 0 0 0 0 11 13 13 10 21 0 12 23 38 24 30 39 29 31 25 8 26 17 0 0 0 0 0 
0 0 0 0 0 0 0 0 0 0 0 0 0 0 0 0 0 8 5 0 0 0 0 0 0 0 0 0 0 0 0 0 0 0 0 0 0 0 11 13 13 10 21 0 12 23 38 24 30 39 29 31 25 8 26 17 0 0 0 0 0 
0 0 0 0 0 0 0 0 0 0 0 0 0 0 0 0 0 8 5 0 0 0 0 0 0 0 0 0 0 0 0 0 0 0 0 0 0 0 11 13 13 10 21 0 13 23 32 27 31 37 28 18 19 11 25 15 0 0 0 0 0 
0 0 0 0 0 0 0 0 0 0 0 0 0 0 0 0 0 8 5 0 0 0 0 0 0 0 0 0 0 0 0 0 0 0 0 0 0 0 11 13 13 10 21 0 13 23 32 27 31 37 28 18 19 11 25 15 0 0 0 0 0 
0 0 0 0 0 0 0 0 0 0 0 0 0 0 0 0 0 8 5 0 0 0 0 0 0 0 0 0 0 0 0 0 0 0 0 0 0 0 11 13 13 10 21 0 13 23 32 27 31 37 28 18 19 11 25 15 0 0 0 0 0 
0 0 0 0 0 0 0 0 0 0 0 0 0 0 0 0 0 8 5 0 0 0 0 0 0 0 0 0 0 0 0 0 0 0 0 0 0 0 11 13 12 10 19 0 13 24 36 27 18 36 19 35 23 11 25 18 0 0 0 0 0 
0 0 0 0 0 0 0 0 0 0 0 0 0 0 0 0 0 8 5 0 0 0 0 0 0 0 0 0 0 0 0 0 0 0 0 0 0 0 11 13 12 10 19 0 13 24 36 27 18 36 19 35 23 11 25 18 0 0 0 0 0 
0 0 0 0 0 0 0 0 0 0 0 0 0 0 0 0 0 8 5 0 0 0 0 0 0 0 0 0 0 0 0 0 0 0 0 0 0 0 11 13 12 10 19 0 13 24 36 27 18 36 19 35 23 11 25 18 0 0 0 0 0 
0 0 0 0 0 0 0 0 0 0 0 0 0 0 0 0 0 8 5 0 0 0 0 0 0 0 0 0 0 0 0 0 0 0 0 0 0 0 11 12 12 12 17 0 13 24 36 25 20 38 28 32 25 11 26 18 0 0 0 0 0 
0 0 0 0 0 0 0 0 0 0 0 0 0 0 0 0 0 8 5 0 0 0 0 0 0 0 0 0 0 0 0 0 0 0 0 0 0 0 11 12 12 12 17 0 13 24 36 25 20 38 28 32 25 11 26 18 0 0 0 0 0 
0 0 0 0 0 0 0 0 0 0 0 0 0 0 0 0 0 8 5 0 0 0 0 0 0 0 0 0 0 0 0 0 0 0 0 0 0 0 11 12 12 12 17 0 13 24 36 25 20 38 28 32 25 11 26 18 0 0 0 0 0 
0 0 0 0 0 0 0 0 0 0 0 0 0 0 0 0 0 8 5 0 0 0 0 0 0 0 0 0 0 0 0 0 0 0 0 0 0 0 11 12 12 12 17 0 13 23 37 25 31 38 30 32 24 11 28 18 0 0 0 0 0 
