
0 0 0 0 0 0 0 0 0 0 0 0 0 0 0 0 0 0 0 0 0 0 0 0 0 0 0 0 0 0 0 0 13 0 0 0 0 0 28 27 33 13 29 0 18 0 17 16 13 11 0 0 0 0 13 14 0 0 0 0 0 
0 0 0 0 0 0 0 0 0 0 0 0 0 0 0 0 0 0 0 0 0 0 0 0 0 0 0 0 0 0 0 0 13 0 0 0 0 0 28 27 33 13 29 0 18 0 17 16 13 11 0 0 0 0 13 14 0 0 0 0 0 
0 0 0 0 0 0 0 0 0 0 0 0 0 0 0 0 0 0 0 0 0 0 0 0 0 0 0 0 0 0 0 0 13 0 0 0 0 0 28 27 33 13 29 0 18 0 17 16 13 11 0 0 0 0 13 14 0 0 0 0 0 
0 0 0 0 0 0 0 0 0 0 0 0 0 0 0 0 0 0 0 0 0 0 0 0 0 0 0 0 0 0 0 0 18 18 0 0 0 21 21 27 33 35 40 0 22 16 15 16 16 11 0 0 0 0 13 16 0 0 0 0 0 
0 0 0 0 0 0 0 0 0 0 0 0 0 0 0 0 0 0 0 0 0 0 0 0 0 0 0 0 0 0 0 0 18 18 0 0 0 21 21 27 33 35 40 0 22 16 15 16 16 11 0 0 0 0 13 16 0 0 0 0 0 
0 0 0 0 0 0 0 0 0 0 0 0 0 0 0 0 0 0 0 0 0 0 0 0 0 0 0 0 0 0 0 0 18 18 0 0 0 21 21 27 33 35 40 0 22 16 15 16 16 11 0 0 0 0 13 16 0 0 0 0 0 
0 0 0 0 0 0 0 0 0 0 0 0 0 0 0 0 0 0 0 0 0 0 0 0 0 0 0 0 11 0 0 0 17 18 0 0 0 21 20 35 32 38 40 0 17 19 19 16 12 16 10 0 0 0 13 13 0 0 0 0 0 
0 0 0 0 0 0 0 0 0 0 0 0 0 0 0 0 0 0 0 0 0 0 0 0 0 0 0 0 11 0 0 0 17 18 0 0 0 21 20 35 32 38 40 0 17 19 19 16 12 16 10 0 0 0 13 13 0 0 0 0 0 
0 0 0 0 0 0 0 0 0 0 0 0 0 0 0 0 0 0 0 0 0 0 0 0 0 0 0 0 11 0 0 0 17 18 0 0 0 21 20 35 32 38 40 0 17 19 19 16 12 16 10 0 0 0 13 13 0 0 0 0 0 
0 0 0 0 0 0 0 0 0 0 0 0 0 0 0 0 0 0 0 0 0 0 0 0 0 0 0 9 11 0 0 0 19 18 0 0 0 21 43 34 34 35 38 0 17 18 18 15 12 16 10 0 0 0 17 13 0 0 0 0 0 
0 0 0 0 0 0 0 0 0 0 0 0 0 0 0 0 0 0 0 0 0 0 0 0 0 0 0 9 11 0 0 0 19 18 0 0 0 21 43 34 34 35 38 0 17 18 18 15 12 16 10 0 0 0 17 13 0 0 0 0 0 
0 0 0 0 0 0 0 0 0 0 0 0 0 0 0 0 0 0 0 0 0 0 0 0 0 0 0 9 11 0 0 0 19 18 0 0 0 21 43 34 34 35 38 0 17 18 18 15 12 16 10 0 0 0 17 13 0 0 0 0 0 
0 0 0 0 0 0 0 0 0 0 0 0 0 0 0 0 0 0 0 0 0 0 0 0 0 0 0 8 11 12 0 0 17 18 0 0 0 21 44 34 30 37 39 0 19 20 18 18 12 16 10 0 0 0 14 13 0 0 0 0 0 
0 0 0 0 0 0 0 0 0 0 0 0 0 0 0 0 0 0 0 0 0 0 0 0 0 0 0 8 11 12 0 0 17 18 0 0 0 21 44 34 30 37 39 0 19 20 18 18 12 16 10 0 0 0 14 13 0 0 0 0 0 
0 0 0 0 0 0 0 0 0 0 0 0 0 0 0 0 0 0 0 0 0 0 0 0 0 0 0 8 11 12 0 0 17 18 0 0 0 21 44 34 30 37 39 0 19 20 18 18 12 16 10 0 0 0 14 13 0 0 0 0 0 
0 0 0 0 0 0 0 0 0 0 0 0 0 0 0 0 0 0 0 0 0 0 0 0 0 0 0 8 11 12 0 9 21 16 0 0 0 21 44 34 12 33 39 0 23 17 18 10 12 12 10 0 0 0 11 13 0 0 0 0 0 
0 0 0 0 0 0 0 0 0 0 0 0 0 0 0 0 0 0 0 0 0 0 0 0 0 0 0 8 11 12 0 9 21 16 0 0 0 21 44 34 12 33 39 0 23 17 18 10 12 12 10 0 0 0 11 13 0 0 0 0 0 
0 0 0 0 0 0 0 0 0 0 0 0 0 0 0 0 0 0 0 0 0 0 0 0 0 0 0 8 11 12 0 9 21 16 0 0 0 21 44 34 12 33 39 0 23 17 18 10 12 12 10 0 0 0 11 13 0 0 0 0 0 
0 0 0 0 0 0 0 0 0 0 0 0 0 0 0 0 0 0 0 0 0 0 0 0 0 0 0 8 11 13 0 13 19 16 0 0 13 21 45 36 32 35 39 0 19 17 18 12 12 12 10 0 0 0 11 13 0 0 0 0 0 
0 0 0 0 0 0 0 0 0 0 0 0 0 0 0 0 0 0 0 0 0 0 0 0 0 0 0 8 11 13 0 13 19 16 0 0 13 21 45 36 32 35 39 0 19 17 18 12 12 12 10 0 0 0 11 13 0 0 0 0 0 
0 0 0 0 0 0 0 0 0 0 0 0 0 0 0 0 0 0 0 0 0 0 0 0 0 0 0 8 11 13 0 13 19 16 0 0 13 21 45 36 32 35 39 0 19 17 18 12 12 12 10 0 0 0 11 13 0 0 0 0 0 
0 0 0 0 0 0 0 0 0 0 0 0 0 0 0 0 0 0 0 0 0 0 0 0 0 0 0 8 11 13 0 14 18 16 0 0 13 20 20 35 27 37 39 0 19 18 18 12 12 12 10 0 0 0 11 7 0 0 0 0 0 
0 0 0 0 0 0 0 0 0 0 0 0 0 0 0 0 0 0 0 0 0 0 0 0 0 0 0 8 11 13 0 14 18 16 0 0 13 20 20 35 27 37 39 0 19 18 18 12 12 12 10 0 0 0 11 7 0 0 0 0 0 
0 0 0 0 0 0 0 0 0 0 0 0 0 0 0 0 0 0 0 0 0 0 0 0 0 0 0 8 11 13 0 14 18 16 0 0 13 20 20 35 27 37 39 0 19 18 18 12 12 12 10 0 0 0 11 7 0 0 0 0 0 
0 0 0 0 0 0 0 0 0 0 0 0 0 0 0 0 0 0 0 0 0 0 0 0 0 0 0 7 11 13 0 14 13 15 0 0 13 20 44 34 31 35 39 0 20 19 18 15 14 13 10 0 0 0 15 7 0 0 0 0 0 
0 0 0 0 0 0 0 0 0 0 0 0 0 0 0 0 0 0 0 0 0 0 0 0 0 0 0 7 11 13 0 14 13 15 0 0 13 20 44 34 31 35 39 0 20 19 18 15 14 13 10 0 0 0 15 7 0 0 0 0 0 
0 0 0 0 0 0 0 0 0 0 0 0 0 0 0 0 0 0 0 0 0 0 0 0 0 0 0 7 11 13 0 14 13 15 0 0 13 20 44 34 31 35 39 0 20 19 18 15 14 13 10 0 0 0 15 7 0 0 0 0 0 
0 0 0 0 0 0 0 0 0 0 0 0 0 0 0 0 0 0 0 0 0 0 0 0 0 0 0 9 11 12 0 14 19 15 0 0 13 20 44 35 32 35 39 0 19 20 23 15 14 13 11 0 0 0 13 14 0 0 0 0 0 
0 0 0 0 0 0 0 0 0 0 0 0 0 0 0 0 0 0 0 0 0 0 0 0 0 0 0 9 11 12 0 14 19 15 0 0 13 20 44 35 32 35 39 0 19 20 23 15 14 13 11 0 0 0 13 14 0 0 0 0 0 
0 0 0 0 0 0 0 0 0 0 0 0 0 0 0 0 0 0 0 0 0 0 0 0 0 0 0 9 11 12 0 14 19 15 0 0 13 20 44 35 32 35 39 0 19 20 23 15 14 13 11 0 0 0 13 14 0 0 0 0 0 
0 0 0 0 0 0 0 0 0 0 0 0 0 0 0 0 0 0 0 0 0 0 0 0 0 0 0 7 11 12 0 14 18 15 0 0 13 20 43 35 33 34 38 0 19 20 23 15 14 13 11 0 0 0 13 14 0 0 0 0 0 
0 0 0 0 0 0 0 0 0 0 0 0 0 0 0 0 0 0 0 0 0 0 0 0 0 0 0 7 11 12 0 14 18 15 0 0 13 20 43 35 33 34 38 0 19 20 23 15 14 13 11 0 0 0 13 14 0 0 0 0 0 
0 0 0 0 0 0 0 0 0 0 0 0 0 0 0 0 0 0 0 0 0 0 0 0 0 0 0 7 11 12 0 14 18 15 0 0 13 20 43 35 33 34 38 0 19 20 23 15 14 13 11 0 0 0 13 14 0 0 0 0 0 
0 0 0 0 0 0 0 0 0 0 0 0 0 0 0 0 0 0 0 0 0 0 0 0 0 0 0 7 11 12 0 14 18 15 0 0 13 20 38 35 31 37 12 0 10 19 23 13 14 10 11 0 9 0 17 14 0 0 0 0 0 
0 0 0 0 0 0 0 0 0 0 0 0 0 0 0 0 0 0 0 0 0 0 0 0 0 0 0 7 11 12 0 14 18 15 0 0 13 20 38 35 31 37 12 0 10 19 23 13 14 10 11 0 9 0 17 14 0 0 0 0 0 
0 0 0 0 0 0 0 0 0 0 0 0 0 0 0 0 0 0 0 0 0 0 0 0 0 0 0 7 11 12 0 14 18 15 0 0 13 20 38 35 31 37 12 0 10 19 23 13 14 10 11 0 9 0 17 14 0 0 0 0 0 
0 0 0 0 0 0 0 0 0 0 0 0 0 0 0 0 0 0 0 0 0 0 0 0 0 0 0 7 11 12 0 14 16 15 0 0 13 20 44 34 31 37 39 0 20 19 19 13 15 11 11 0 9 0 17 14 0 0 0 0 0 
0 0 0 0 0 0 0 0 0 0 0 0 0 0 0 0 0 0 0 0 0 0 0 0 0 0 0 7 11 12 0 14 16 15 0 0 13 20 44 34 31 37 39 0 20 19 19 13 15 11 11 0 9 0 17 14 0 0 0 0 0 
0 0 0 0 0 0 0 0 0 0 0 0 0 0 0 0 0 0 0 0 0 0 0 0 0 0 0 7 11 12 0 14 16 15 0 0 13 20 44 34 31 37 39 0 20 19 19 13 15 11 11 0 9 0 17 14 0 0 0 0 0 
0 0 0 0 0 0 0 0 0 0 0 0 0 0 0 0 0 0 0 0 0 0 0 0 0 0 0 7 11 13 0 14 20 15 0 0 10 20 44 35 32 35 38 0 16 19 18 13 16 11 11 0 10 0 11 14 0 0 0 0 0 
0 0 0 0 0 0 0 0 0 0 0 0 0 0 0 0 0 0 0 0 0 0 0 0 0 0 0 7 11 13 0 14 20 15 0 0 10 20 44 35 32 35 38 0 16 19 18 13 16 11 11 0 10 0 11 14 0 0 0 0 0 
0 0 0 0 0 0 0 0 0 0 0 0 0 0 0 0 0 0 0 0 0 0 0 0 0 0 0 7 11 13 0 14 20 15 0 0 10 20 44 35 32 35 38 0 16 19 18 13 16 11 11 0 10 0 11 14 0 0 0 0 0 
0 0 0 0 0 0 0 0 0 0 0 0 0 0 0 0 0 0 0 0 0 0 0 0 0 0 0 7 11 13 0 14 18 16 0 0 10 20 44 35 33 37 40 0 20 19 16 13 14 11 11 0 10 0 11 13 0 0 0 0 0 
0 0 0 0 0 0 0 0 0 0 0 0 0 0 0 0 0 0 0 0 0 0 0 0 0 0 0 7 11 13 0 14 18 16 0 0 10 20 44 35 33 37 40 0 20 19 16 13 14 11 11 0 10 0 11 13 0 0 0 0 0 
0 0 0 0 0 0 0 0 0 0 0 0 0 0 0 0 0 0 0 0 0 0 0 0 0 0 0 7 11 13 0 14 18 16 0 0 10 20 44 35 33 37 40 0 20 19 16 13 14 11 11 0 10 0 11 13 0 0 0 0 0 
0 0 0 0 0 0 0 0 0 0 0 0 0 0 0 0 0 0 0 0 0 0 0 0 9 0 0 9 11 13 0 14 18 16 0 0 12 20 45 35 33 23 39 0 20 20 18 16 13 11 11 0 10 0 15 7 0 0 0 0 0 
0 0 0 0 0 0 0 0 0 0 0 0 0 0 0 0 0 0 0 0 0 0 0 0 9 0 0 9 11 13 0 14 18 16 0 0 12 20 45 35 33 23 39 0 20 20 18 16 13 11 11 0 10 0 15 7 0 0 0 0 0 
0 0 0 0 0 0 0 0 0 0 0 0 0 0 0 0 0 0 0 0 0 0 0 0 9 0 0 9 11 13 0 14 18 16 0 0 12 20 45 35 33 23 39 0 20 20 18 16 13 11 11 0 10 0 15 7 0 0 0 0 0 
0 0 0 0 0 0 0 0 0 0 0 0 0 0 0 0 0 0 0 0 0 0 0 0 9 0 0 8 11 13 0 14 21 16 0 0 12 23 44 33 31 36 39 0 20 20 19 16 14 11 11 0 10 0 15 14 0 0 0 0 0 
0 0 0 0 0 0 0 0 0 0 0 0 0 0 0 0 0 0 0 0 0 0 0 0 9 0 0 8 11 13 0 14 21 16 0 0 12 23 44 33 31 36 39 0 20 20 19 16 14 11 11 0 10 0 15 14 0 0 0 0 0 
0 0 0 0 0 0 0 0 0 0 0 0 0 0 0 0 0 0 0 0 0 0 0 0 9 0 0 8 11 13 0 14 21 16 0 0 12 23 44 33 31 36 39 0 20 20 19 16 14 11 11 0 10 0 15 14 0 0 0 0 0 
0 0 0 0 0 0 0 0 0 0 0 0 0 0 0 0 0 0 0 0 0 0 0 0 9 0 0 8 11 13 0 14 16 16 0 0 12 23 45 34 33 35 39 0 18 20 19 18 14 11 11 0 10 0 15 15 0 0 0 0 0 
0 0 0 0 0 0 0 0 0 0 0 0 0 0 0 0 0 0 0 0 0 0 0 0 9 0 0 8 11 13 0 14 16 16 0 0 12 23 45 34 33 35 39 0 18 20 19 18 14 11 11 0 10 0 15 15 0 0 0 0 0 
0 0 0 0 0 0 0 0 0 0 0 0 0 0 0 0 0 0 0 0 0 0 0 0 9 0 0 8 11 13 0 14 16 16 0 0 12 23 45 34 33 35 39 0 18 20 19 18 14 11 11 0 10 0 15 15 0 0 0 0 0 
0 0 0 0 0 0 0 0 0 0 0 0 0 0 0 0 0 0 0 0 0 0 0 0 9 0 0 8 11 13 0 14 17 14 0 0 12 23 44 36 31 35 13 0 18 17 19 18 16 10 11 0 10 0 13 14 0 0 0 0 0 
0 0 0 0 0 0 0 0 0 0 0 0 0 0 0 0 0 0 0 0 0 0 0 0 9 0 0 8 11 13 0 14 17 14 0 0 12 23 44 36 31 35 13 0 18 17 19 18 16 10 11 0 10 0 13 14 0 0 0 0 0 
0 0 0 0 0 0 0 0 0 0 0 0 0 0 0 0 0 0 0 0 0 0 0 0 9 0 0 8 11 13 0 14 17 14 0 0 12 23 44 36 31 35 13 0 18 17 19 18 16 10 11 0 10 0 13 14 0 0 0 0 0 
0 0 0 0 0 0 0 0 0 0 0 0 0 0 0 0 0 0 0 0 0 0 0 0 9 0 0 6 11 13 0 14 17 14 0 0 12 23 5 34 36 13 39 0 18 19 18 18 16 10 11 0 10 0 13 14 0 0 0 0 0 
0 0 0 0 0 0 0 0 0 0 0 0 0 0 0 0 0 0 0 0 0 0 0 0 9 0 0 6 11 13 0 14 17 14 0 0 12 23 5 34 36 13 39 0 18 19 18 18 16 10 11 0 10 0 13 14 0 0 0 0 0 
0 0 0 0 0 0 0 0 0 0 0 0 0 0 0 0 0 0 0 0 0 0 0 0 9 0 0 6 11 13 0 14 17 14 0 0 12 23 5 34 36 13 39 0 18 19 18 18 16 10 11 0 10 0 13 14 0 0 0 0 0 
0 0 0 0 0 0 0 0 0 0 0 0 0 0 0 0 0 0 0 0 0 0 0 0 9 0 0 8 11 11 0 12 17 14 0 0 12 21 44 34 33 9 39 0 18 20 20 15 16 11 11 0 10 0 14 15 0 0 0 0 0 
0 0 0 0 0 0 0 0 0 0 0 0 0 0 0 0 0 0 0 0 0 0 0 0 9 0 0 8 11 11 0 12 17 14 0 0 12 21 44 34 33 9 39 0 18 20 20 15 16 11 11 0 10 0 14 15 0 0 0 0 0 
0 0 0 0 0 0 0 0 0 0 0 0 0 0 0 0 0 0 0 0 0 0 0 0 9 0 0 8 11 11 0 12 17 14 0 0 12 21 44 34 33 9 39 0 18 20 20 15 16 11 11 0 10 0 14 15 0 0 0 0 0 
0 0 0 0 0 0 0 0 0 0 0 0 0 0 0 0 0 0 0 0 0 0 0 0 9 0 0 8 11 11 0 13 20 14 0 0 12 19 44 35 32 35 38 0 18 20 19 18 14 11 11 0 10 0 17 15 0 0 0 0 0 
0 0 0 0 0 0 0 0 0 0 0 0 0 0 0 0 0 0 0 0 0 0 0 0 9 0 0 8 11 11 0 13 20 14 0 0 12 19 44 35 32 35 38 0 18 20 19 18 14 11 11 0 10 0 17 15 0 0 0 0 0 
0 0 0 0 0 0 0 0 0 0 0 0 0 0 0 0 0 0 0 0 0 0 0 0 9 0 0 8 11 11 0 13 20 14 0 0 12 19 44 35 32 35 38 0 18 20 19 18 14 11 11 0 10 0 17 15 0 0 0 0 0 
0 0 0 0 0 0 0 0 0 0 0 0 0 0 0 0 0 0 0 0 0 0 0 0 9 6 0 8 11 11 0 13 12 14 0 0 12 21 43 36 11 26 11 0 23 20 18 18 14 11 11 0 10 0 17 15 0 0 0 0 0 
0 0 0 0 0 0 0 0 0 0 0 0 0 0 0 0 0 0 0 0 0 0 0 0 9 6 0 8 11 11 0 13 12 14 0 0 12 21 43 36 11 26 11 0 23 20 18 18 14 11 11 0 10 0 17 15 0 0 0 0 0 
0 0 0 0 0 0 0 0 0 0 0 0 0 0 0 0 0 0 0 0 0 0 0 0 9 6 0 8 11 11 0 13 12 14 0 0 12 21 43 36 11 26 11 0 23 20 18 18 14 11 11 0 10 0 17 15 0 0 0 0 0 
0 0 0 0 0 0 0 0 0 0 0 0 0 0 0 0 0 0 0 0 0 0 0 0 9 6 0 8 11 11 0 13 21 14 0 0 12 22 45 35 33 20 39 0 19 21 18 19 14 11 10 0 10 0 15 15 0 0 0 0 0 
0 0 0 0 0 0 0 0 0 0 0 0 0 0 0 0 0 0 0 0 0 0 0 0 9 6 0 8 11 11 0 13 21 14 0 0 12 22 45 35 33 20 39 0 19 21 18 19 14 11 10 0 10 0 15 15 0 0 0 0 0 
0 0 0 0 0 0 0 0 0 0 0 0 0 0 0 0 0 0 0 0 0 0 0 0 9 6 0 8 11 11 0 13 21 14 0 0 12 22 45 35 33 20 39 0 19 21 18 19 14 11 10 0 10 0 15 15 0 0 0 0 0 
0 0 0 0 0 0 0 0 0 0 0 0 0 0 0 0 0 0 0 0 0 0 0 0 9 8 0 9 12 11 0 13 16 15 0 0 15 20 43 38 32 35 39 0 19 19 19 19 14 11 10 0 11 0 15 15 0 0 0 0 0 
0 0 0 0 0 0 0 0 0 0 0 0 0 0 0 0 0 0 0 0 0 0 0 0 9 8 0 9 12 11 0 13 16 15 0 0 15 20 43 38 32 35 39 0 19 19 19 19 14 11 10 0 11 0 15 15 0 0 0 0 0 
0 0 0 0 0 0 0 0 0 0 0 0 0 0 0 0 0 0 0 0 0 0 0 0 9 8 0 9 12 11 0 13 16 15 0 0 15 20 43 38 32 35 39 0 19 19 19 19 14 11 10 0 11 0 15 15 0 0 0 0 0 
0 0 0 0 0 0 0 0 0 0 0 0 0 0 0 0 0 0 0 0 0 0 0 0 9 8 7 9 12 11 0 13 19 18 0 0 11 22 44 36 32 35 24 0 19 19 20 16 14 11 10 0 11 0 15 15 0 0 0 0 0 
0 0 0 0 0 0 0 0 0 0 0 0 0 0 0 0 0 0 0 0 0 0 0 0 9 8 7 9 12 11 0 13 19 18 0 0 11 22 44 36 32 35 24 0 19 19 20 16 14 11 10 0 11 0 15 15 0 0 0 0 0 
0 0 0 0 0 0 0 0 0 0 0 0 0 0 0 0 0 0 0 0 0 0 0 0 9 8 7 9 12 11 0 13 19 18 0 0 11 22 44 36 32 35 24 0 19 19 20 16 14 11 10 0 11 0 15 15 0 0 0 0 0 
0 0 0 0 0 0 0 0 0 0 0 0 0 0 0 0 0 0 0 0 0 0 0 0 9 8 7 7 12 11 0 13 16 17 0 0 11 21 44 37 33 30 38 0 19 16 20 21 16 11 10 0 11 0 15 15 0 0 0 0 0 
0 0 0 0 0 0 0 0 0 0 0 0 0 0 0 0 0 0 0 0 0 0 0 0 9 8 7 7 12 11 0 13 16 17 0 0 11 21 44 37 33 30 38 0 19 16 20 21 16 11 10 0 11 0 15 15 0 0 0 0 0 
0 0 0 0 0 0 0 0 0 0 0 0 0 0 0 0 0 0 0 0 0 0 0 0 9 8 7 7 12 11 0 13 16 17 0 0 11 21 44 37 33 30 38 0 19 16 20 21 16 11 10 0 11 0 15 15 0 0 0 0 0 
0 0 0 0 0 0 0 0 0 0 0 0 0 0 0 0 0 0 0 0 0 0 0 0 7 8 7 7 12 11 0 13 18 17 0 0 11 22 42 37 32 35 39 0 17 14 20 16 16 13 10 0 11 0 14 15 0 0 0 0 0 
0 0 0 0 0 0 0 0 0 0 0 0 0 0 0 0 0 0 0 0 0 0 0 0 7 8 7 7 12 11 0 13 18 17 0 0 11 22 42 37 32 35 39 0 17 14 20 16 16 13 10 0 11 0 14 15 0 0 0 0 0 
0 0 0 0 0 0 0 0 0 0 0 0 0 0 0 0 0 0 0 0 0 0 0 0 7 8 7 7 12 11 0 13 18 17 0 0 11 22 42 37 32 35 39 0 17 14 20 16 16 13 10 0 11 0 14 15 0 0 0 0 0 
0 0 0 0 0 0 0 0 0 0 0 0 0 0 0 0 0 0 0 0 0 0 0 0 7 7 7 7 12 11 0 13 21 16 0 0 11 22 28 36 31 34 40 0 21 12 22 16 16 13 10 0 11 0 15 13 0 0 0 0 0 
0 0 0 0 0 0 0 0 0 0 0 0 0 0 0 0 0 0 0 0 0 0 0 0 7 7 7 7 12 11 0 13 21 16 0 0 11 22 28 36 31 34 40 0 21 12 22 16 16 13 10 0 11 0 15 13 0 0 0 0 0 
0 0 0 0 0 0 0 0 0 0 0 0 0 0 0 0 0 0 0 0 0 0 0 0 7 7 7 7 12 11 0 13 21 16 0 0 11 22 28 36 31 34 40 0 21 12 22 16 16 13 10 0 11 0 15 13 0 0 0 0 0 
0 0 0 0 0 0 0 0 0 0 0 0 0 0 0 0 0 0 0 0 0 0 0 0 7 7 7 7 12 11 0 13 22 16 0 0 11 22 44 36 29 24 39 0 19 21 18 16 16 13 10 0 11 0 15 13 0 0 0 0 0 
0 0 0 0 0 0 0 0 0 0 0 0 0 0 0 0 0 0 0 0 0 0 0 0 7 7 7 7 12 11 0 13 22 16 0 0 11 22 44 36 29 24 39 0 19 21 18 16 16 13 10 0 11 0 15 13 0 0 0 0 0 
0 0 0 0 0 0 0 0 0 0 0 0 0 0 0 0 0 0 0 0 0 0 0 0 7 7 7 7 12 11 0 13 22 16 0 0 11 22 44 36 29 24 39 0 19 21 18 16 16 13 10 0 11 0 15 13 0 0 0 0 0 
0 0 0 0 0 0 0 0 0 0 0 0 0 0 0 0 0 0 0 0 0 0 0 0 7 7 7 7 12 11 0 13 16 16 0 0 11 22 19 35 33 33 10 0 21 19 16 16 15 13 10 0 11 0 15 14 0 0 0 0 0 
0 0 0 0 0 0 0 0 0 0 0 0 0 0 0 0 0 0 0 0 0 0 0 0 7 7 7 7 12 11 0 13 16 16 0 0 11 22 19 35 33 33 10 0 21 19 16 16 15 13 10 0 11 0 15 14 0 0 0 0 0 
0 0 0 0 0 0 0 0 0 0 0 0 0 0 0 0 0 0 0 0 0 0 0 0 7 7 7 7 12 11 0 13 16 16 0 0 11 22 19 35 33 33 10 0 21 19 16 16 15 13 10 0 11 0 15 14 0 0 0 0 0 
0 0 0 0 0 0 0 0 0 0 0 0 0 0 0 0 0 0 0 0 0 0 0 0 7 7 7 9 12 11 0 13 17 18 0 0 11 22 43 35 31 35 39 0 19 19 19 17 15 13 10 0 11 0 15 14 0 0 0 0 0 
0 0 0 0 0 0 0 0 0 0 0 0 0 0 0 0 0 0 0 0 0 0 0 0 7 7 7 9 12 11 0 13 17 18 0 0 11 22 43 35 31 35 39 0 19 19 19 17 15 13 10 0 11 0 15 14 0 0 0 0 0 
0 0 0 0 0 0 0 0 0 0 0 0 0 0 0 0 0 0 0 0 0 0 0 0 7 7 7 9 12 11 0 13 17 18 0 0 11 22 43 35 31 35 39 0 19 19 19 17 15 13 10 0 11 0 15 14 0 0 0 0 0 
0 0 0 0 0 0 0 0 0 0 0 0 0 0 0 0 0 0 0 0 0 0 0 0 7 7 7 10 12 11 0 13 18 18 0 0 11 22 43 33 35 37 34 0 19 20 19 15 15 13 11 0 11 0 15 14 0 0 0 0 0 
0 0 0 0 0 0 0 0 0 0 0 0 0 0 0 0 0 0 0 0 0 0 0 0 7 7 7 10 12 11 0 13 18 18 0 0 11 22 43 33 35 37 34 0 19 20 19 15 15 13 11 0 11 0 15 14 0 0 0 0 0 
0 0 0 0 0 0 0 0 0 0 0 0 0 0 0 0 0 0 0 0 0 0 0 0 7 7 7 10 12 11 0 13 18 18 0 0 11 22 43 33 35 37 34 0 19 20 19 15 15 13 11 0 11 0 15 14 0 0 0 0 0 
