
0 0 0 0 0 0 0 0 0 0 0 0 0 0 22 0 12 19 10 17 14 0 0 0 0 0 0 0 0 0 0 0 0 0 0 0 0 0 0 0 0 19 24 0 19 37 26 31 18 22 21 17 16 0 10 0 0 0 0 0 0 
0 0 0 0 0 0 0 0 0 0 0 0 0 0 22 0 12 19 10 17 14 0 0 0 0 0 0 0 0 0 0 0 0 0 0 0 0 0 0 0 0 19 24 0 19 37 26 31 18 22 21 17 16 0 10 0 0 0 0 0 0 
0 0 0 0 0 0 0 0 0 0 0 0 0 0 22 0 12 19 10 17 14 0 0 0 0 0 0 0 0 0 0 0 0 0 0 0 0 0 0 0 0 19 24 0 19 37 26 31 18 22 21 17 16 0 10 0 0 0 0 0 0 
0 0 0 0 0 0 0 0 0 0 0 0 0 0 17 0 13 12 10 9 14 0 0 0 0 0 0 0 0 0 0 0 0 0 12 0 0 0 7 0 12 24 26 0 27 33 29 25 19 18 12 19 16 0 12 0 0 0 0 0 0 
0 0 0 0 0 0 0 0 0 0 0 0 0 0 17 0 13 12 10 9 14 0 0 0 0 0 0 0 0 0 0 0 0 0 12 0 0 0 7 0 12 24 26 0 27 33 29 25 19 18 12 19 16 0 12 0 0 0 0 0 0 
0 0 0 0 0 0 0 0 0 0 0 0 0 0 17 0 13 12 10 9 14 0 0 0 0 0 0 0 0 0 0 0 0 0 12 0 0 0 7 0 12 24 26 0 27 33 29 25 19 18 12 19 16 0 12 0 0 0 0 0 0 
0 0 0 0 0 0 0 0 0 0 0 0 0 0 15 0 13 14 10 9 14 0 0 0 0 0 0 0 0 0 0 0 0 0 12 0 0 0 7 12 12 25 25 0 21 33 26 8 17 23 12 21 15 0 13 9 0 0 0 0 0 
0 0 0 0 0 0 0 0 0 0 0 0 0 0 15 0 13 14 10 9 14 0 0 0 0 0 0 0 0 0 0 0 0 0 12 0 0 0 7 12 12 25 25 0 21 33 26 8 17 23 12 21 15 0 13 9 0 0 0 0 0 
0 0 0 0 0 0 0 0 0 0 0 0 0 0 15 0 13 14 10 9 14 0 0 0 0 0 0 0 0 0 0 0 0 0 12 0 0 0 7 12 12 25 25 0 21 33 26 8 17 23 12 21 15 0 13 9 0 0 0 0 0 
0 0 0 0 0 0 0 0 0 0 0 0 0 0 17 0 13 14 11 11 14 0 0 0 0 0 0 0 0 0 0 0 0 0 12 0 0 0 7 12 14 24 28 0 26 33 28 25 17 22 12 20 11 0 13 9 0 0 0 0 0 
0 0 0 0 0 0 0 0 0 0 0 0 0 0 17 0 13 14 11 11 14 0 0 0 0 0 0 0 0 0 0 0 0 0 12 0 0 0 7 12 14 24 28 0 26 33 28 25 17 22 12 20 11 0 13 9 0 0 0 0 0 
0 0 0 0 0 0 0 0 0 0 0 0 0 0 17 0 13 14 11 11 14 0 0 0 0 0 0 0 0 0 0 0 0 0 12 0 0 0 7 12 14 24 28 0 26 33 28 25 17 22 12 20 11 0 13 9 0 0 0 0 0 
0 0 0 0 0 0 0 0 0 0 0 0 0 0 19 0 12 12 12 10 10 0 0 0 0 0 0 0 0 0 0 0 0 0 12 0 0 0 7 11 14 25 26 0 24 13 27 23 18 23 16 21 12 0 13 13 0 0 0 0 0 
0 0 0 0 0 0 0 0 0 0 0 0 0 0 19 0 12 12 12 10 10 0 0 0 0 0 0 0 0 0 0 0 0 0 12 0 0 0 7 11 14 25 26 0 24 13 27 23 18 23 16 21 12 0 13 13 0 0 0 0 0 
0 0 0 0 0 0 0 0 0 0 0 0 0 0 19 0 12 12 12 10 10 0 0 0 0 0 0 0 0 0 0 0 0 0 12 0 0 0 7 11 14 25 26 0 24 13 27 23 18 23 16 21 12 0 13 13 0 0 0 0 0 
0 0 0 0 0 0 0 0 0 0 0 0 0 0 16 0 12 12 12 10 9 0 0 0 0 0 0 0 0 0 0 0 0 0 12 0 0 0 7 11 11 24 27 0 24 33 27 11 19 23 12 20 12 0 13 12 0 0 0 0 0 
0 0 0 0 0 0 0 0 0 0 0 0 0 0 16 0 12 12 12 10 9 0 0 0 0 0 0 0 0 0 0 0 0 0 12 0 0 0 7 11 11 24 27 0 24 33 27 11 19 23 12 20 12 0 13 12 0 0 0 0 0 
0 0 0 0 0 0 0 0 0 0 0 0 0 0 16 0 12 12 12 10 9 0 0 0 0 0 0 0 0 0 0 0 0 0 12 0 0 0 7 11 11 24 27 0 24 33 27 11 19 23 12 20 12 0 13 12 0 0 0 0 0 
0 0 0 0 0 0 0 0 0 0 0 0 0 0 16 0 12 12 12 10 9 0 0 0 0 0 0 0 0 0 0 0 0 0 12 0 0 0 7 11 17 25 27 0 29 32 27 24 17 22 8 20 12 0 15 12 0 0 0 0 0 
0 0 0 0 0 0 0 0 0 0 0 0 0 0 16 0 12 12 12 10 9 0 0 0 0 0 0 0 0 0 0 0 0 0 12 0 0 0 7 11 17 25 27 0 29 32 27 24 17 22 8 20 12 0 15 12 0 0 0 0 0 
0 0 0 0 0 0 0 0 0 0 0 0 0 0 16 0 12 12 12 10 9 0 0 0 0 0 0 0 0 0 0 0 0 0 12 0 0 0 7 11 17 25 27 0 29 32 27 24 17 22 8 20 12 0 15 12 0 0 0 0 0 
0 0 0 0 0 0 0 0 0 0 0 0 0 0 17 0 13 11 11 10 9 0 0 0 0 0 0 0 0 0 0 0 0 0 12 0 0 0 7 11 17 25 24 0 17 34 29 22 18 21 18 18 13 0 15 11 0 0 0 0 0 
0 0 0 0 0 0 0 0 0 0 0 0 0 0 17 0 13 11 11 10 9 0 0 0 0 0 0 0 0 0 0 0 0 0 12 0 0 0 7 11 17 25 24 0 17 34 29 22 18 21 18 18 13 0 15 11 0 0 0 0 0 
0 0 0 0 0 0 0 0 0 0 0 0 0 0 17 0 13 11 11 10 9 0 0 0 0 0 0 0 0 0 0 0 0 0 12 0 0 0 7 11 17 25 24 0 17 34 29 22 18 21 18 18 13 0 15 11 0 0 0 0 0 
0 0 0 0 0 0 0 0 0 0 0 0 0 0 17 0 13 13 11 9 9 0 0 0 0 0 0 0 0 0 0 0 0 0 12 0 0 0 7 11 13 25 9 0 27 32 27 23 18 23 18 20 13 0 15 10 0 0 0 0 0 
0 0 0 0 0 0 0 0 0 0 0 0 0 0 17 0 13 13 11 9 9 0 0 0 0 0 0 0 0 0 0 0 0 0 12 0 0 0 7 11 13 25 9 0 27 32 27 23 18 23 18 20 13 0 15 10 0 0 0 0 0 
0 0 0 0 0 0 0 0 0 0 0 0 0 0 17 0 13 13 11 9 9 0 0 0 0 0 0 0 0 0 0 0 0 0 12 0 0 0 7 11 13 25 9 0 27 32 27 23 18 23 18 20 13 0 15 10 0 0 0 0 0 
0 0 0 0 0 0 0 0 0 0 0 0 0 0 16 0 13 12 12 10 9 0 0 0 0 0 0 0 0 0 0 0 0 0 12 0 0 0 7 9 14 26 25 0 26 36 27 23 18 25 16 20 13 0 14 10 0 0 0 0 0 
0 0 0 0 0 0 0 0 0 0 0 0 0 0 16 0 13 12 12 10 9 0 0 0 0 0 0 0 0 0 0 0 0 0 12 0 0 0 7 9 14 26 25 0 26 36 27 23 18 25 16 20 13 0 14 10 0 0 0 0 0 
0 0 0 0 0 0 0 0 0 0 0 0 0 0 16 0 13 12 12 10 9 0 0 0 0 0 0 0 0 0 0 0 0 0 12 0 0 0 7 9 14 26 25 0 26 36 27 23 18 25 16 20 13 0 14 10 0 0 0 0 0 
0 0 0 0 0 0 0 0 0 0 0 0 0 0 16 0 13 12 13 10 9 0 0 0 0 0 0 0 0 0 0 0 0 0 8 0 0 0 7 9 14 27 25 0 26 35 28 22 17 23 16 21 13 0 14 10 0 0 0 0 0 
0 0 0 0 0 0 0 0 0 0 0 0 0 0 16 0 13 12 13 10 9 0 0 0 0 0 0 0 0 0 0 0 0 0 8 0 0 0 7 9 14 27 25 0 26 35 28 22 17 23 16 21 13 0 14 10 0 0 0 0 0 
0 0 0 0 0 0 0 0 0 0 0 0 0 0 16 0 13 12 13 10 9 0 0 0 0 0 0 0 0 0 0 0 0 0 8 0 0 0 7 9 14 27 25 0 26 35 28 22 17 23 16 21 13 0 14 10 0 0 0 0 0 
0 0 0 0 0 0 0 0 0 0 0 0 0 0 16 0 13 13 13 12 9 0 0 0 0 0 0 0 0 0 0 0 0 0 8 0 0 0 7 11 12 25 12 0 25 28 29 10 20 23 17 21 9 0 14 10 0 0 0 0 0 
0 0 0 0 0 0 0 0 0 0 0 0 0 0 16 0 13 13 13 12 9 0 0 0 0 0 0 0 0 0 0 0 0 0 8 0 0 0 7 11 12 25 12 0 25 28 29 10 20 23 17 21 9 0 14 10 0 0 0 0 0 
0 0 0 0 0 0 0 0 0 0 0 0 0 0 16 0 13 13 13 12 9 0 0 0 0 0 0 0 0 0 0 0 0 0 8 0 0 0 7 11 12 25 12 0 25 28 29 10 20 23 17 21 9 0 14 10 0 0 0 0 0 
0 0 0 0 0 0 0 0 0 0 0 0 0 0 16 0 13 13 14 11 9 0 0 0 0 0 0 0 0 0 0 0 0 0 8 0 0 0 7 11 12 19 27 0 20 33 27 23 20 22 17 21 11 0 14 10 0 0 0 0 0 
0 0 0 0 0 0 0 0 0 0 0 0 0 0 16 0 13 13 14 11 9 0 0 0 0 0 0 0 0 0 0 0 0 0 8 0 0 0 7 11 12 19 27 0 20 33 27 23 20 22 17 21 11 0 14 10 0 0 0 0 0 
0 0 0 0 0 0 0 0 0 0 0 0 0 0 16 0 13 13 14 11 9 0 0 0 0 0 0 0 0 0 0 0 0 0 8 0 0 0 7 11 12 19 27 0 20 33 27 23 20 22 17 21 11 0 14 10 0 0 0 0 0 
0 0 0 0 0 0 0 0 0 0 0 0 0 0 17 0 11 13 14 10 9 0 0 0 0 0 0 0 0 0 0 0 0 0 8 0 0 0 7 11 12 27 17 0 26 26 29 22 16 10 19 19 11 0 15 10 0 0 0 0 0 
0 0 0 0 0 0 0 0 0 0 0 0 0 0 17 0 11 13 14 10 9 0 0 0 0 0 0 0 0 0 0 0 0 0 8 0 0 0 7 11 12 27 17 0 26 26 29 22 16 10 19 19 11 0 15 10 0 0 0 0 0 
0 0 0 0 0 0 0 0 0 0 0 0 0 0 17 0 11 13 14 10 9 0 0 0 0 0 0 0 0 0 0 0 0 0 8 0 0 0 7 11 12 27 17 0 26 26 29 22 16 10 19 19 11 0 15 10 0 0 0 0 0 
0 0 0 0 0 0 0 0 0 0 0 0 0 0 17 0 12 12 14 11 9 0 0 0 0 0 0 0 0 0 0 0 0 0 8 0 0 0 7 11 7 25 28 0 25 18 28 27 16 22 16 19 11 0 15 10 0 0 0 0 0 
0 0 0 0 0 0 0 0 0 0 0 0 0 0 17 0 12 12 14 11 9 0 0 0 0 0 0 0 0 0 0 0 0 0 8 0 0 0 7 11 7 25 28 0 25 18 28 27 16 22 16 19 11 0 15 10 0 0 0 0 0 
0 0 0 0 0 0 0 0 0 0 0 0 0 0 17 0 12 12 14 11 9 0 0 0 0 0 0 0 0 0 0 0 0 0 8 0 0 0 7 11 7 25 28 0 25 18 28 27 16 22 16 19 11 0 15 10 0 0 0 0 0 
0 0 0 0 0 0 0 0 0 0 0 0 0 0 16 0 12 12 11 11 9 0 0 0 0 0 0 0 0 0 0 0 0 0 8 0 0 0 7 10 7 25 26 0 26 34 22 12 16 9 16 20 11 0 15 13 0 0 0 0 0 
0 0 0 0 0 0 0 0 0 0 0 0 0 0 16 0 12 12 11 11 9 0 0 0 0 0 0 0 0 0 0 0 0 0 8 0 0 0 7 10 7 25 26 0 26 34 22 12 16 9 16 20 11 0 15 13 0 0 0 0 0 
0 0 0 0 0 0 0 0 0 0 0 0 0 0 16 0 12 12 11 11 9 0 0 0 0 0 0 0 0 0 0 0 0 0 8 0 0 0 7 10 7 25 26 0 26 34 22 12 16 9 16 20 11 0 15 13 0 0 0 0 0 
0 0 0 0 0 0 0 0 0 0 0 0 0 0 18 0 12 12 11 9 9 0 0 0 0 0 0 0 0 0 0 0 0 0 8 0 0 0 7 12 7 26 24 0 18 34 27 20 8 8 16 23 11 0 13 13 0 0 0 0 0 
0 0 0 0 0 0 0 0 0 0 0 0 0 0 18 0 12 12 11 9 9 0 0 0 0 0 0 0 0 0 0 0 0 0 8 0 0 0 7 12 7 26 24 0 18 34 27 20 8 8 16 23 11 0 13 13 0 0 0 0 0 
0 0 0 0 0 0 0 0 0 0 0 0 0 0 18 0 12 12 11 9 9 0 0 0 0 0 0 0 0 0 0 0 0 0 8 0 0 0 7 12 7 26 24 0 18 34 27 20 8 8 16 23 11 0 13 13 0 0 0 0 0 
0 0 0 0 0 0 0 0 0 0 0 0 0 0 18 0 12 11 11 9 9 0 0 0 0 0 0 0 0 0 0 0 0 0 8 0 0 0 7 9 8 23 23 0 25 19 27 21 8 27 14 23 14 0 13 12 0 0 0 0 0 
0 0 0 0 0 0 0 0 0 0 0 0 0 0 18 0 12 11 11 9 9 0 0 0 0 0 0 0 0 0 0 0 0 0 8 0 0 0 7 9 8 23 23 0 25 19 27 21 8 27 14 23 14 0 13 12 0 0 0 0 0 
0 0 0 0 0 0 0 0 0 0 0 0 0 0 18 0 12 11 11 9 9 0 0 0 0 0 0 0 0 0 0 0 0 0 8 0 0 0 7 9 8 23 23 0 25 19 27 21 8 27 14 23 14 0 13 12 0 0 0 0 0 
0 0 0 0 0 0 0 0 0 0 0 0 0 0 17 0 12 13 11 10 9 0 0 0 0 0 0 0 0 0 0 0 0 0 8 0 0 0 7 9 12 29 24 0 25 26 28 27 8 26 16 22 14 0 14 13 0 0 0 0 0 
0 0 0 0 0 0 0 0 0 0 0 0 0 0 17 0 12 13 11 10 9 0 0 0 0 0 0 0 0 0 0 0 0 0 8 0 0 0 7 9 12 29 24 0 25 26 28 27 8 26 16 22 14 0 14 13 0 0 0 0 0 
0 0 0 0 0 0 0 0 0 0 0 0 0 0 17 0 12 13 11 10 9 0 0 0 0 0 0 0 0 0 0 0 0 0 8 0 0 0 7 9 12 29 24 0 25 26 28 27 8 26 16 22 14 0 14 13 0 0 0 0 0 
0 0 0 0 0 0 0 0 0 0 0 0 0 0 17 0 10 12 11 10 9 0 0 0 0 0 0 0 0 0 0 0 0 0 8 0 0 0 7 8 12 29 24 0 25 34 28 26 8 23 16 22 11 0 15 8 0 0 0 0 0 
0 0 0 0 0 0 0 0 0 0 0 0 0 0 17 0 10 12 11 10 9 0 0 0 0 0 0 0 0 0 0 0 0 0 8 0 0 0 7 8 12 29 24 0 25 34 28 26 8 23 16 22 11 0 15 8 0 0 0 0 0 
0 0 0 0 0 0 0 0 0 0 0 0 0 0 17 0 10 12 11 10 9 0 0 0 0 0 0 0 0 0 0 0 0 0 8 0 0 0 7 8 12 29 24 0 25 34 28 26 8 23 16 22 11 0 15 8 0 0 0 0 0 
0 0 0 0 0 0 0 0 0 0 0 0 0 0 17 0 10 13 10 10 9 0 0 0 0 0 0 0 0 0 0 0 0 0 8 0 0 0 7 10 12 19 26 0 29 36 28 25 8 22 18 21 11 0 15 12 0 0 0 0 0 
0 0 0 0 0 0 0 0 0 0 0 0 0 0 17 0 10 13 10 10 9 0 0 0 0 0 0 0 0 0 0 0 0 0 8 0 0 0 7 10 12 19 26 0 29 36 28 25 8 22 18 21 11 0 15 12 0 0 0 0 0 
0 0 0 0 0 0 0 0 0 0 0 0 0 0 17 0 10 13 10 10 9 0 0 0 0 0 0 0 0 0 0 0 0 0 8 0 0 0 7 10 12 19 26 0 29 36 28 25 8 22 18 21 11 0 15 12 0 0 0 0 0 
0 0 0 0 0 0 0 0 0 0 0 0 0 0 17 0 13 13 12 10 9 0 0 0 0 0 0 0 0 0 0 0 0 0 8 0 0 0 7 10 12 19 25 0 25 34 27 17 17 24 16 22 11 0 15 12 0 0 0 0 0 
0 0 0 0 0 0 0 0 0 0 0 0 0 0 17 0 13 13 12 10 9 0 0 0 0 0 0 0 0 0 0 0 0 0 8 0 0 0 7 10 12 19 25 0 25 34 27 17 17 24 16 22 11 0 15 12 0 0 0 0 0 
0 0 0 0 0 0 0 0 0 0 0 0 0 0 17 0 13 13 12 10 9 0 0 0 0 0 0 0 0 0 0 0 0 0 8 0 0 0 7 10 12 19 25 0 25 34 27 17 17 24 16 22 11 0 15 12 0 0 0 0 0 
0 0 0 0 0 0 0 0 0 0 0 0 0 0 18 0 13 11 11 8 9 0 0 0 0 0 0 0 0 0 0 0 0 0 8 0 0 0 7 10 16 25 26 0 27 33 27 24 17 25 15 22 13 0 15 12 0 0 0 0 0 
0 0 0 0 0 0 0 0 0 0 0 0 0 0 18 0 13 11 11 8 9 0 0 0 0 0 0 0 0 0 0 0 0 0 8 0 0 0 7 10 16 25 26 0 27 33 27 24 17 25 15 22 13 0 15 12 0 0 0 0 0 
0 0 0 0 0 0 0 0 0 0 0 0 0 0 18 0 13 11 11 8 9 0 0 0 0 0 0 0 0 0 0 0 0 0 8 0 0 0 7 10 16 25 26 0 27 33 27 24 17 25 15 22 13 0 15 12 0 0 0 0 0 
0 0 0 0 0 0 0 0 0 0 0 0 0 0 18 0 12 11 11 10 9 0 0 0 0 0 0 0 0 0 0 0 0 0 8 0 0 0 7 10 16 26 29 0 26 34 27 24 17 24 15 13 13 0 15 12 0 0 0 0 0 
0 0 0 0 0 0 0 0 0 0 0 0 0 0 18 0 12 11 11 10 9 0 0 0 0 0 0 0 0 0 0 0 0 0 8 0 0 0 7 10 16 26 29 0 26 34 27 24 17 24 15 13 13 0 15 12 0 0 0 0 0 
0 0 0 0 0 0 0 0 0 0 0 0 0 0 18 0 12 11 11 10 9 0 0 0 0 0 0 0 0 0 0 0 0 0 8 0 0 0 7 10 16 26 29 0 26 34 27 24 17 24 15 13 13 0 15 12 0 0 0 0 0 
0 0 0 0 0 0 0 0 0 0 0 0 0 0 18 0 9 11 11 9 9 0 0 0 0 0 0 0 0 0 0 0 0 0 8 0 0 0 7 8 13 25 23 0 26 30 26 24 18 26 17 23 13 0 14 12 0 0 0 0 0 
0 0 0 0 0 0 0 0 0 0 0 0 0 0 18 0 9 11 11 9 9 0 0 0 0 0 0 0 0 0 0 0 0 0 8 0 0 0 7 8 13 25 23 0 26 30 26 24 18 26 17 23 13 0 14 12 0 0 0 0 0 
0 0 0 0 0 0 0 0 0 0 0 0 0 0 18 0 9 11 11 9 9 0 0 0 0 0 0 0 0 0 0 0 0 0 8 0 0 0 7 8 13 25 23 0 26 30 26 24 18 26 17 23 13 0 14 12 0 0 0 0 0 
0 0 0 0 0 0 0 0 0 0 0 0 0 0 17 0 11 13 12 9 7 0 0 0 0 0 0 0 0 0 0 0 0 0 11 0 0 0 9 8 13 26 25 0 21 29 27 14 19 24 16 20 13 0 14 12 0 0 0 0 0 
0 0 0 0 0 0 0 0 0 0 0 0 0 0 17 0 11 13 12 9 7 0 0 0 0 0 0 0 0 0 0 0 0 0 11 0 0 0 9 8 13 26 25 0 21 29 27 14 19 24 16 20 13 0 14 12 0 0 0 0 0 
0 0 0 0 0 0 0 0 0 0 0 0 0 0 17 0 11 13 12 9 7 0 0 0 0 0 0 0 0 0 0 0 0 0 11 0 0 0 9 8 13 26 25 0 21 29 27 14 19 24 16 20 13 0 14 12 0 0 0 0 0 
0 0 0 0 0 0 0 0 0 0 0 0 0 0 16 0 11 12 12 9 7 0 0 0 0 0 0 0 0 0 0 0 0 0 11 0 0 0 9 9 14 26 25 0 25 34 28 24 19 23 17 9 13 0 13 14 0 0 0 0 0 
0 0 0 0 0 0 0 0 0 0 0 0 0 0 16 0 11 12 12 9 7 0 0 0 0 0 0 0 0 0 0 0 0 0 11 0 0 0 9 9 14 26 25 0 25 34 28 24 19 23 17 9 13 0 13 14 0 0 0 0 0 
0 0 0 0 0 0 0 0 0 0 0 0 0 0 16 0 11 12 12 9 7 0 0 0 0 0 0 0 0 0 0 0 0 0 11 0 0 0 9 9 14 26 25 0 25 34 28 24 19 23 17 9 13 0 13 14 0 0 0 0 0 
0 0 0 0 0 0 0 0 0 0 0 0 0 0 16 0 11 12 12 9 7 0 0 0 0 0 0 0 0 0 0 0 0 0 10 0 0 0 9 9 17 25 27 0 27 36 29 26 19 16 16 22 13 0 13 14 0 0 0 0 0 
0 0 0 0 0 0 0 0 0 0 0 0 0 0 16 0 11 12 12 9 7 0 0 0 0 0 0 0 0 0 0 0 0 0 10 0 0 0 9 9 17 25 27 0 27 36 29 26 19 16 16 22 13 0 13 14 0 0 0 0 0 
0 0 0 0 0 0 0 0 0 0 0 0 0 0 16 0 11 12 12 9 7 0 0 0 0 0 0 0 0 0 0 0 0 0 10 0 0 0 9 9 17 25 27 0 27 36 29 26 19 16 16 22 13 0 13 14 0 0 0 0 0 
0 0 0 0 0 0 0 0 0 0 0 0 0 0 16 0 11 12 10 9 7 0 0 0 0 0 0 0 0 0 0 0 0 0 10 0 0 0 9 9 17 24 25 0 27 33 30 24 18 25 16 22 12 0 13 11 0 0 0 0 0 
0 0 0 0 0 0 0 0 0 0 0 0 0 0 16 0 11 12 10 9 7 0 0 0 0 0 0 0 0 0 0 0 0 0 10 0 0 0 9 9 17 24 25 0 27 33 30 24 18 25 16 22 12 0 13 11 0 0 0 0 0 
0 0 0 0 0 0 0 0 0 0 0 0 0 0 16 0 11 12 10 9 7 0 0 0 0 0 0 0 0 0 0 0 0 0 10 0 0 0 9 9 17 24 25 0 27 33 30 24 18 25 16 22 12 0 13 11 0 0 0 0 0 
0 0 0 0 0 0 0 0 0 0 0 0 0 0 16 0 11 13 11 9 7 0 0 0 0 0 0 0 0 0 0 0 0 0 12 0 0 0 9 7 17 19 26 0 25 34 24 25 18 24 17 22 13 0 13 10 0 0 0 0 0 
0 0 0 0 0 0 0 0 0 0 0 0 0 0 16 0 11 13 11 9 7 0 0 0 0 0 0 0 0 0 0 0 0 0 12 0 0 0 9 7 17 19 26 0 25 34 24 25 18 24 17 22 13 0 13 10 0 0 0 0 0 
0 0 0 0 0 0 0 0 0 0 0 0 0 0 16 0 11 13 11 9 7 0 0 0 0 0 0 0 0 0 0 0 0 0 12 0 0 0 9 7 17 19 26 0 25 34 24 25 18 24 17 22 13 0 13 10 0 0 0 0 0 
0 0 0 0 0 0 0 0 0 0 0 0 0 0 16 0 10 13 11 12 6 0 0 0 0 0 0 0 0 0 0 0 0 0 12 0 0 0 9 7 13 26 27 0 26 32 28 24 19 21 17 20 11 0 16 12 0 0 0 0 0 
0 0 0 0 0 0 0 0 0 0 0 0 0 0 16 0 10 13 11 12 6 0 0 0 0 0 0 0 0 0 0 0 0 0 12 0 0 0 9 7 13 26 27 0 26 32 28 24 19 21 17 20 11 0 16 12 0 0 0 0 0 
0 0 0 0 0 0 0 0 0 0 0 0 0 0 16 0 10 13 11 12 6 0 0 0 0 0 0 0 0 0 0 0 0 0 12 0 0 0 9 7 13 26 27 0 26 32 28 24 19 21 17 20 11 0 16 12 0 0 0 0 0 
0 0 0 0 0 0 0 0 0 0 0 0 0 0 16 0 13 13 11 11 6 0 0 0 0 0 0 0 0 0 0 0 0 0 12 0 0 0 9 7 13 16 17 0 27 33 28 17 19 24 18 22 16 0 14 12 0 0 0 0 0 
0 0 0 0 0 0 0 0 0 0 0 0 0 0 16 0 13 13 11 11 6 0 0 0 0 0 0 0 0 0 0 0 0 0 12 0 0 0 9 7 13 16 17 0 27 33 28 17 19 24 18 22 16 0 14 12 0 0 0 0 0 
0 0 0 0 0 0 0 0 0 0 0 0 0 0 16 0 13 13 11 11 6 0 0 0 0 0 0 0 0 0 0 0 0 0 12 0 0 0 9 7 13 16 17 0 27 33 28 17 19 24 18 22 16 0 14 12 0 0 0 0 0 
0 0 0 0 0 0 0 0 0 0 0 0 0 0 16 0 13 12 11 12 6 0 0 0 0 0 0 0 0 0 0 0 0 0 12 0 0 0 9 7 12 25 26 0 25 33 27 19 17 19 18 22 12 0 14 12 0 0 0 0 0 
0 0 0 0 0 0 0 0 0 0 0 0 0 0 16 0 13 12 11 12 6 0 0 0 0 0 0 0 0 0 0 0 0 0 12 0 0 0 9 7 12 25 26 0 25 33 27 19 17 19 18 22 12 0 14 12 0 0 0 0 0 
0 0 0 0 0 0 0 0 0 0 0 0 0 0 16 0 13 12 11 12 6 0 0 0 0 0 0 0 0 0 0 0 0 0 12 0 0 0 9 7 12 25 26 0 25 33 27 19 17 19 18 22 12 0 14 12 0 0 0 0 0 
0 0 0 0 0 0 0 0 0 0 0 0 0 0 18 0 13 12 9 9 6 0 0 0 0 0 0 0 0 0 0 0 0 0 12 0 0 0 9 7 12 20 24 0 30 24 28 22 20 24 17 18 12 0 14 12 0 0 0 0 0 
