
0 0 0 0 0 0 0 0 0 0 0 0 0 0 15 0 0 8 9 10 0 0 0 0 0 0 0 0 0 0 0 0 0 0 12 0 0 0 0 9 0 20 23 0 28 36 28 28 20 25 17 12 0 0 0 0 0 0 0 0 0 
0 0 0 0 0 0 0 0 0 0 0 0 0 0 15 0 0 8 9 10 0 0 0 0 0 0 0 0 0 0 0 0 0 0 12 0 0 0 0 9 0 20 23 0 28 36 28 28 20 25 17 12 0 0 0 0 0 0 0 0 0 
0 0 0 0 0 0 0 0 0 0 0 0 0 0 15 0 0 8 9 10 0 0 0 0 0 0 0 0 0 0 0 0 0 0 12 0 0 0 0 9 0 20 23 0 28 36 28 28 20 25 17 12 0 0 0 0 0 0 0 0 0 
0 0 0 0 0 0 0 0 0 0 0 0 0 0 15 0 0 14 9 8 12 0 0 0 0 0 0 0 0 0 0 0 0 0 12 0 0 0 0 9 22 27 26 0 35 41 30 28 20 32 21 25 15 0 0 0 0 0 0 0 0 
0 0 0 0 0 0 0 0 0 0 0 0 0 0 15 0 0 14 9 8 12 0 0 0 0 0 0 0 0 0 0 0 0 0 12 0 0 0 0 9 22 27 26 0 35 41 30 28 20 32 21 25 15 0 0 0 0 0 0 0 0 
0 0 0 0 0 0 0 0 0 0 0 0 0 0 15 0 0 14 9 8 12 0 0 0 0 0 0 0 0 0 0 0 0 0 12 0 0 0 0 9 22 27 26 0 35 41 30 28 20 32 21 25 15 0 0 0 0 0 0 0 0 
0 0 0 0 0 0 0 0 0 0 0 0 0 0 15 0 0 16 11 8 12 0 0 0 0 0 0 0 0 0 0 0 0 0 12 0 0 0 18 9 19 26 29 0 35 40 32 28 16 17 18 21 15 0 0 15 0 0 0 0 0 
0 0 0 0 0 0 0 0 0 0 0 0 0 0 15 0 0 16 11 8 12 0 0 0 0 0 0 0 0 0 0 0 0 0 12 0 0 0 18 9 19 26 29 0 35 40 32 28 16 17 18 21 15 0 0 15 0 0 0 0 0 
0 0 0 0 0 0 0 0 0 0 0 0 0 0 15 0 0 16 11 8 12 0 0 0 0 0 0 0 0 0 0 0 0 0 12 0 0 0 18 9 19 26 29 0 35 40 32 28 16 17 18 21 15 0 0 15 0 0 0 0 0 
0 0 0 0 0 0 0 0 0 0 0 0 0 0 15 0 0 14 10 8 12 0 0 0 0 0 0 0 0 0 0 0 0 0 12 0 0 0 18 10 19 26 31 0 35 42 31 18 19 12 20 23 15 0 11 12 0 0 0 0 0 
0 0 0 0 0 0 0 0 0 0 0 0 0 0 15 0 0 14 10 8 12 0 0 0 0 0 0 0 0 0 0 0 0 0 12 0 0 0 18 10 19 26 31 0 35 42 31 18 19 12 20 23 15 0 11 12 0 0 0 0 0 
0 0 0 0 0 0 0 0 0 0 0 0 0 0 15 0 0 14 10 8 12 0 0 0 0 0 0 0 0 0 0 0 0 0 12 0 0 0 18 10 19 26 31 0 35 42 31 18 19 12 20 23 15 0 11 12 0 0 0 0 0 
0 0 0 0 0 0 0 0 0 0 0 0 0 0 15 0 0 16 9 8 10 0 0 0 0 0 0 0 0 0 0 0 0 0 12 0 0 0 18 10 20 25 20 0 36 39 32 19 19 30 17 18 15 0 11 12 0 0 0 0 0 
0 0 0 0 0 0 0 0 0 0 0 0 0 0 15 0 0 16 9 8 10 0 0 0 0 0 0 0 0 0 0 0 0 0 12 0 0 0 18 10 20 25 20 0 36 39 32 19 19 30 17 18 15 0 11 12 0 0 0 0 0 
0 0 0 0 0 0 0 0 0 0 0 0 0 0 15 0 0 16 9 8 10 0 0 0 0 0 0 0 0 0 0 0 0 0 12 0 0 0 18 10 20 25 20 0 36 39 32 19 19 30 17 18 15 0 11 12 0 0 0 0 0 
0 0 0 0 0 0 0 0 0 0 0 0 0 0 15 0 0 15 11 8 10 0 0 0 0 0 0 0 0 0 0 0 0 0 12 0 0 0 18 10 22 28 27 0 36 40 31 20 19 30 18 21 14 0 11 12 0 0 0 0 0 
0 0 0 0 0 0 0 0 0 0 0 0 0 0 15 0 0 15 11 8 10 0 0 0 0 0 0 0 0 0 0 0 0 0 12 0 0 0 18 10 22 28 27 0 36 40 31 20 19 30 18 21 14 0 11 12 0 0 0 0 0 
0 0 0 0 0 0 0 0 0 0 0 0 0 0 15 0 0 15 11 8 10 0 0 0 0 0 0 0 0 0 0 0 0 0 12 0 0 0 18 10 22 28 27 0 36 40 31 20 19 30 18 21 14 0 11 12 0 0 0 0 0 
0 0 0 0 0 0 0 0 0 0 0 0 0 0 12 0 0 14 8 8 10 0 0 0 0 0 0 0 0 0 0 0 0 0 12 0 0 0 18 8 20 20 30 0 19 40 32 22 22 30 19 21 14 0 9 14 0 0 0 0 0 
0 0 0 0 0 0 0 0 0 0 0 0 0 0 12 0 0 14 8 8 10 0 0 0 0 0 0 0 0 0 0 0 0 0 12 0 0 0 18 8 20 20 30 0 19 40 32 22 22 30 19 21 14 0 9 14 0 0 0 0 0 
0 0 0 0 0 0 0 0 0 0 0 0 0 0 12 0 0 14 8 8 10 0 0 0 0 0 0 0 0 0 0 0 0 0 12 0 0 0 18 8 20 20 30 0 19 40 32 22 22 30 19 21 14 0 9 14 0 0 0 0 0 
0 0 0 0 0 0 0 0 0 0 0 0 0 0 12 0 0 14 11 7 10 0 0 0 0 0 0 0 0 0 0 0 0 0 12 0 0 0 18 8 18 27 28 0 35 36 32 25 17 29 18 21 9 0 9 14 0 0 0 0 0 
0 0 0 0 0 0 0 0 0 0 0 0 0 0 12 0 0 14 11 7 10 0 0 0 0 0 0 0 0 0 0 0 0 0 12 0 0 0 18 8 18 27 28 0 35 36 32 25 17 29 18 21 9 0 9 14 0 0 0 0 0 
0 0 0 0 0 0 0 0 0 0 0 0 0 0 12 0 0 14 11 7 10 0 0 0 0 0 0 0 0 0 0 0 0 0 12 0 0 0 18 8 18 27 28 0 35 36 32 25 17 29 18 21 9 0 9 14 0 0 0 0 0 
0 0 0 0 0 0 0 0 0 0 0 0 0 0 12 0 7 15 11 7 10 0 0 0 0 0 0 0 0 0 0 0 0 0 12 0 0 0 18 8 21 26 10 0 35 40 32 19 19 30 18 21 15 0 11 13 0 0 0 0 0 
0 0 0 0 0 0 0 0 0 0 0 0 0 0 12 0 7 15 11 7 10 0 0 0 0 0 0 0 0 0 0 0 0 0 12 0 0 0 18 8 21 26 10 0 35 40 32 19 19 30 18 21 15 0 11 13 0 0 0 0 0 
0 0 0 0 0 0 0 0 0 0 0 0 0 0 12 0 7 15 11 7 10 0 0 0 0 0 0 0 0 0 0 0 0 0 12 0 0 0 18 8 21 26 10 0 35 40 32 19 19 30 18 21 15 0 11 13 0 0 0 0 0 
0 0 0 0 0 0 0 0 0 0 0 0 0 0 12 0 7 14 9 7 11 0 0 0 0 0 0 0 0 0 0 0 0 0 12 0 0 0 18 8 21 27 28 0 35 41 31 23 19 30 22 21 15 0 11 15 0 0 0 0 0 
0 0 0 0 0 0 0 0 0 0 0 0 0 0 12 0 7 14 9 7 11 0 0 0 0 0 0 0 0 0 0 0 0 0 12 0 0 0 18 8 21 27 28 0 35 41 31 23 19 30 22 21 15 0 11 15 0 0 0 0 0 
0 0 0 0 0 0 0 0 0 0 0 0 0 0 12 0 7 14 9 7 11 0 0 0 0 0 0 0 0 0 0 0 0 0 12 0 0 0 18 8 21 27 28 0 35 41 31 23 19 30 22 21 15 0 11 15 0 0 0 0 0 
0 0 0 0 0 0 0 0 0 0 0 0 0 0 12 0 7 14 10 9 12 0 0 0 0 0 0 0 0 0 0 0 0 0 12 0 0 0 18 8 21 26 27 0 35 41 32 21 17 30 19 21 14 0 11 14 0 0 0 0 0 
0 0 0 0 0 0 0 0 0 0 0 0 0 0 12 0 7 14 10 9 12 0 0 0 0 0 0 0 0 0 0 0 0 0 12 0 0 0 18 8 21 26 27 0 35 41 32 21 17 30 19 21 14 0 11 14 0 0 0 0 0 
0 0 0 0 0 0 0 0 0 0 0 0 0 0 12 0 7 14 10 9 12 0 0 0 0 0 0 0 0 0 0 0 0 0 12 0 0 0 18 8 21 26 27 0 35 41 32 21 17 30 19 21 14 0 11 14 0 0 0 0 0 
0 0 0 0 0 0 0 0 0 0 0 0 0 0 12 0 7 12 10 6 12 0 0 0 0 0 0 0 0 0 0 0 0 0 12 0 0 0 20 8 20 31 28 0 37 38 31 18 17 31 21 22 14 0 11 14 0 0 0 0 0 
0 0 0 0 0 0 0 0 0 0 0 0 0 0 12 0 7 12 10 6 12 0 0 0 0 0 0 0 0 0 0 0 0 0 12 0 0 0 20 8 20 31 28 0 37 38 31 18 17 31 21 22 14 0 11 14 0 0 0 0 0 
0 0 0 0 0 0 0 0 0 0 0 0 0 0 12 0 7 12 10 6 12 0 0 0 0 0 0 0 0 0 0 0 0 0 12 0 0 0 20 8 20 31 28 0 37 38 31 18 17 31 21 22 14 0 11 14 0 0 0 0 0 
0 0 0 0 0 0 0 0 0 0 0 0 0 0 12 0 7 12 9 6 13 0 0 0 0 0 0 0 0 0 0 0 0 0 12 0 0 0 18 8 21 27 25 0 22 40 32 21 22 30 20 14 14 0 11 16 0 0 0 0 0 
0 0 0 0 0 0 0 0 0 0 0 0 0 0 12 0 7 12 9 6 13 0 0 0 0 0 0 0 0 0 0 0 0 0 12 0 0 0 18 8 21 27 25 0 22 40 32 21 22 30 20 14 14 0 11 16 0 0 0 0 0 
0 0 0 0 0 0 0 0 0 0 0 0 0 0 12 0 7 12 9 6 13 0 0 0 0 0 0 0 0 0 0 0 0 0 12 0 0 0 18 8 21 27 25 0 22 40 32 21 22 30 20 14 14 0 11 16 0 0 0 0 0 
0 0 0 0 0 0 0 0 0 0 0 0 0 0 12 0 7 12 9 8 13 0 0 0 0 0 0 0 0 0 0 0 0 0 12 0 0 0 17 8 20 26 27 0 35 39 31 22 22 28 20 23 14 0 11 16 0 0 0 0 0 
0 0 0 0 0 0 0 0 0 0 0 0 0 0 12 0 7 12 9 8 13 0 0 0 0 0 0 0 0 0 0 0 0 0 12 0 0 0 17 8 20 26 27 0 35 39 31 22 22 28 20 23 14 0 11 16 0 0 0 0 0 
0 0 0 0 0 0 0 0 0 0 0 0 0 0 12 0 7 12 9 8 13 0 0 0 0 0 0 0 0 0 0 0 0 0 12 0 0 0 17 8 20 26 27 0 35 39 31 22 22 28 20 23 14 0 11 16 0 0 0 0 0 
0 0 0 0 0 0 0 0 0 0 0 0 0 0 12 0 7 8 10 9 13 0 0 0 0 0 0 0 0 0 0 0 0 0 12 0 0 0 18 8 20 28 29 0 17 38 31 17 22 30 19 22 14 0 12 16 0 0 0 0 0 
0 0 0 0 0 0 0 0 0 0 0 0 0 0 12 0 7 8 10 9 13 0 0 0 0 0 0 0 0 0 0 0 0 0 12 0 0 0 18 8 20 28 29 0 17 38 31 17 22 30 19 22 14 0 12 16 0 0 0 0 0 
0 0 0 0 0 0 0 0 0 0 0 0 0 0 12 0 7 8 10 9 13 0 0 0 0 0 0 0 0 0 0 0 0 0 12 0 0 0 18 8 20 28 29 0 17 38 31 17 22 30 19 22 14 0 12 16 0 0 0 0 0 
0 0 0 0 0 0 0 0 0 0 0 0 0 0 12 0 7 8 11 8 13 0 0 0 0 0 0 0 0 0 0 0 0 0 12 0 0 0 18 8 19 28 27 0 35 39 31 17 18 31 23 17 14 0 12 16 0 0 0 0 0 
0 0 0 0 0 0 0 0 0 0 0 0 0 0 12 0 7 8 11 8 13 0 0 0 0 0 0 0 0 0 0 0 0 0 12 0 0 0 18 8 19 28 27 0 35 39 31 17 18 31 23 17 14 0 12 16 0 0 0 0 0 
0 0 0 0 0 0 0 0 0 0 0 0 0 0 12 0 7 8 11 8 13 0 0 0 0 0 0 0 0 0 0 0 0 0 12 0 0 0 18 8 19 28 27 0 35 39 31 17 18 31 23 17 14 0 12 16 0 0 0 0 0 
0 0 0 0 0 0 0 0 0 0 0 0 0 0 12 0 7 8 11 8 13 0 0 0 0 0 0 0 0 0 0 0 0 0 12 0 0 0 18 8 13 15 28 0 11 40 32 16 19 30 18 22 13 0 13 16 0 0 0 0 0 
0 0 0 0 0 0 0 0 0 0 0 0 0 0 12 0 7 8 11 8 13 0 0 0 0 0 0 0 0 0 0 0 0 0 12 0 0 0 18 8 13 15 28 0 11 40 32 16 19 30 18 22 13 0 13 16 0 0 0 0 0 
0 0 0 0 0 0 0 0 0 0 0 0 0 0 12 0 7 8 11 8 13 0 0 0 0 0 0 0 0 0 0 0 0 0 12 0 0 0 18 8 13 15 28 0 11 40 32 16 19 30 18 22 13 0 13 16 0 0 0 0 0 
0 0 0 0 0 0 0 0 0 0 0 0 0 0 12 0 7 8 9 7 13 0 0 0 0 0 0 0 0 0 0 0 0 0 12 0 0 0 17 6 13 28 28 0 37 40 31 18 19 30 19 21 13 0 13 15 0 0 0 0 0 
0 0 0 0 0 0 0 0 0 0 0 0 0 0 12 0 7 8 9 7 13 0 0 0 0 0 0 0 0 0 0 0 0 0 12 0 0 0 17 6 13 28 28 0 37 40 31 18 19 30 19 21 13 0 13 15 0 0 0 0 0 
0 0 0 0 0 0 0 0 0 0 0 0 0 0 12 0 7 8 9 7 13 0 0 0 0 0 0 0 0 0 0 0 0 0 12 0 0 0 17 6 13 28 28 0 37 40 31 18 19 30 19 21 13 0 13 15 0 0 0 0 0 
0 0 0 0 0 0 0 0 0 0 0 0 0 0 12 0 7 8 9 10 13 0 0 0 0 0 0 0 0 0 0 0 0 0 12 0 0 0 17 6 18 26 19 0 35 41 31 17 20 30 18 21 16 0 13 9 0 0 0 0 0 
0 0 0 0 0 0 0 0 0 0 0 0 0 0 12 0 7 8 9 10 13 0 0 0 0 0 0 0 0 0 0 0 0 0 12 0 0 0 17 6 18 26 19 0 35 41 31 17 20 30 18 21 16 0 13 9 0 0 0 0 0 
0 0 0 0 0 0 0 0 0 0 0 0 0 0 12 0 7 8 9 10 13 0 0 0 0 0 0 0 0 0 0 0 0 0 12 0 0 0 17 6 18 26 19 0 35 41 31 17 20 30 18 21 16 0 13 9 0 0 0 0 0 
0 0 0 0 0 0 0 0 0 0 0 0 0 0 12 0 7 13 9 10 13 0 0 0 0 0 0 0 0 0 0 0 0 0 12 0 0 0 16 6 20 27 19 0 34 40 31 18 20 30 19 23 16 0 10 11 0 0 0 0 0 
0 0 0 0 0 0 0 0 0 0 0 0 0 0 12 0 7 13 9 10 13 0 0 0 0 0 0 0 0 0 0 0 0 0 12 0 0 0 16 6 20 27 19 0 34 40 31 18 20 30 19 23 16 0 10 11 0 0 0 0 0 
0 0 0 0 0 0 0 0 0 0 0 0 0 0 12 0 7 13 9 10 13 0 0 0 0 0 0 0 0 0 0 0 0 0 12 0 0 0 16 6 20 27 19 0 34 40 31 18 20 30 19 23 16 0 10 11 0 0 0 0 0 
0 0 0 0 0 0 0 0 0 0 0 0 0 0 12 0 7 13 9 10 13 0 0 0 0 0 0 0 0 0 0 0 0 0 12 0 0 0 18 6 20 24 26 0 35 18 31 23 19 29 17 20 13 0 13 11 0 0 0 0 0 
0 0 0 0 0 0 0 0 0 0 0 0 0 0 12 0 7 13 9 10 13 0 0 0 0 0 0 0 0 0 0 0 0 0 12 0 0 0 18 6 20 24 26 0 35 18 31 23 19 29 17 20 13 0 13 11 0 0 0 0 0 
0 0 0 0 0 0 0 0 0 0 0 0 0 0 12 0 7 13 9 10 13 0 0 0 0 0 0 0 0 0 0 0 0 0 12 0 0 0 18 6 20 24 26 0 35 18 31 23 19 29 17 20 13 0 13 11 0 0 0 0 0 
0 0 0 0 0 0 0 0 0 0 0 0 0 0 12 0 7 14 9 8 11 0 0 0 0 0 0 0 0 0 0 0 0 0 12 0 0 0 18 6 21 27 27 0 35 39 31 21 19 29 17 21 13 0 9 11 0 0 0 0 0 
0 0 0 0 0 0 0 0 0 0 0 0 0 0 12 0 7 14 9 8 11 0 0 0 0 0 0 0 0 0 0 0 0 0 12 0 0 0 18 6 21 27 27 0 35 39 31 21 19 29 17 21 13 0 9 11 0 0 0 0 0 
0 0 0 0 0 0 0 0 0 0 0 0 0 0 12 0 7 14 9 8 11 0 0 0 0 0 0 0 0 0 0 0 0 0 12 0 0 0 18 6 21 27 27 0 35 39 31 21 19 29 17 21 13 0 9 11 0 0 0 0 0 
0 0 0 0 0 0 0 0 0 0 0 0 0 0 13 0 7 13 8 7 12 0 0 0 0 0 0 0 0 0 0 0 0 0 12 0 0 0 19 6 19 26 26 0 38 41 31 23 18 29 19 20 13 0 9 11 0 0 0 0 0 
0 0 0 0 0 0 0 0 0 0 0 0 0 0 13 0 7 13 8 7 12 0 0 0 0 0 0 0 0 0 0 0 0 0 12 0 0 0 19 6 19 26 26 0 38 41 31 23 18 29 19 20 13 0 9 11 0 0 0 0 0 
0 0 0 0 0 0 0 0 0 0 0 0 0 0 13 0 7 13 8 7 12 0 0 0 0 0 0 0 0 0 0 0 0 0 12 0 0 0 19 6 19 26 26 0 38 41 31 23 18 29 19 20 13 0 9 11 0 0 0 0 0 
0 0 0 0 0 0 0 0 0 0 0 0 0 0 12 0 7 13 8 9 12 0 0 0 0 0 0 0 0 0 0 0 0 0 12 0 0 0 16 6 20 27 27 0 35 27 31 19 18 30 20 20 13 0 11 11 0 0 0 0 0 
0 0 0 0 0 0 0 0 0 0 0 0 0 0 12 0 7 13 8 9 12 0 0 0 0 0 0 0 0 0 0 0 0 0 12 0 0 0 16 6 20 27 27 0 35 27 31 19 18 30 20 20 13 0 11 11 0 0 0 0 0 
0 0 0 0 0 0 0 0 0 0 0 0 0 0 12 0 7 13 8 9 12 0 0 0 0 0 0 0 0 0 0 0 0 0 12 0 0 0 16 6 20 27 27 0 35 27 31 19 18 30 20 20 13 0 11 11 0 0 0 0 0 
0 0 0 0 0 0 0 0 0 0 0 0 0 0 13 0 7 14 10 8 12 0 0 0 0 0 0 0 0 0 0 0 0 0 12 0 0 0 19 6 20 10 20 0 18 38 31 15 18 8 20 21 13 0 11 11 0 0 0 0 0 
0 0 0 0 0 0 0 0 0 0 0 0 0 0 13 0 7 14 10 8 12 0 0 0 0 0 0 0 0 0 0 0 0 0 12 0 0 0 19 6 20 10 20 0 18 38 31 15 18 8 20 21 13 0 11 11 0 0 0 0 0 
0 0 0 0 0 0 0 0 0 0 0 0 0 0 13 0 7 14 10 8 12 0 0 0 0 0 0 0 0 0 0 0 0 0 12 0 0 0 19 6 20 10 20 0 18 38 31 15 18 8 20 21 13 0 11 11 0 0 0 0 0 
0 0 0 0 0 0 0 0 0 0 0 0 0 0 13 0 7 14 9 8 12 0 0 0 0 0 0 0 0 0 0 0 0 0 12 0 0 0 17 6 19 27 7 0 36 39 31 15 17 29 21 24 13 0 10 13 0 0 0 0 0 
0 0 0 0 0 0 0 0 0 0 0 0 0 0 13 0 7 14 9 8 12 0 0 0 0 0 0 0 0 0 0 0 0 0 12 0 0 0 17 6 19 27 7 0 36 39 31 15 17 29 21 24 13 0 10 13 0 0 0 0 0 
0 0 0 0 0 0 0 0 0 0 0 0 0 0 13 0 7 14 9 8 12 0 0 0 0 0 0 0 0 0 0 0 0 0 12 0 0 0 17 6 19 27 7 0 36 39 31 15 17 29 21 24 13 0 10 13 0 0 0 0 0 
0 0 0 0 0 0 0 0 0 0 0 0 0 0 13 0 7 14 10 8 12 0 0 0 0 0 0 0 0 0 0 0 0 0 12 0 0 0 18 6 20 27 27 0 35 42 31 17 18 19 21 19 13 0 10 13 0 0 0 0 0 
0 0 0 0 0 0 0 0 0 0 0 0 0 0 13 0 7 14 10 8 12 0 0 0 0 0 0 0 0 0 0 0 0 0 12 0 0 0 18 6 20 27 27 0 35 42 31 17 18 19 21 19 13 0 10 13 0 0 0 0 0 
0 0 0 0 0 0 0 0 0 0 0 0 0 0 13 0 7 14 10 8 12 0 0 0 0 0 0 0 0 0 0 0 0 0 12 0 0 0 18 6 20 27 27 0 35 42 31 17 18 19 21 19 13 0 10 13 0 0 0 0 0 
0 0 0 0 0 0 0 0 0 0 0 0 0 0 13 0 10 13 11 8 12 0 0 0 0 0 0 0 0 0 0 0 0 0 12 0 0 0 18 6 20 28 26 0 35 40 31 23 18 29 20 21 14 0 10 13 0 0 0 0 0 
0 0 0 0 0 0 0 0 0 0 0 0 0 0 13 0 10 13 11 8 12 0 0 0 0 0 0 0 0 0 0 0 0 0 12 0 0 0 18 6 20 28 26 0 35 40 31 23 18 29 20 21 14 0 10 13 0 0 0 0 0 
0 0 0 0 0 0 0 0 0 0 0 0 0 0 13 0 10 13 11 8 12 0 0 0 0 0 0 0 0 0 0 0 0 0 12 0 0 0 18 6 20 28 26 0 35 40 31 23 18 29 20 21 14 0 10 13 0 0 0 0 0 
0 0 0 0 0 0 0 0 0 0 0 0 0 0 12 0 10 13 9 8 12 0 0 0 0 0 0 0 0 0 0 0 0 0 12 0 0 0 18 6 20 27 25 0 36 40 32 15 16 30 21 20 14 0 8 10 0 0 0 0 0 
0 0 0 0 0 0 0 0 0 0 0 0 0 0 12 0 10 13 9 8 12 0 0 0 0 0 0 0 0 0 0 0 0 0 12 0 0 0 18 6 20 27 25 0 36 40 32 15 16 30 21 20 14 0 8 10 0 0 0 0 0 
0 0 0 0 0 0 0 0 0 0 0 0 0 0 12 0 10 13 9 8 12 0 0 0 0 0 0 0 0 0 0 0 0 0 12 0 0 0 18 6 20 27 25 0 36 40 32 15 16 30 21 20 14 0 8 10 0 0 0 0 0 
0 0 0 0 0 0 0 0 0 0 0 0 0 0 12 0 10 13 9 8 12 0 0 0 0 0 0 0 0 0 0 0 0 0 12 0 0 0 17 6 20 28 27 0 35 40 31 15 16 30 20 21 14 0 8 13 0 0 0 0 0 
0 0 0 0 0 0 0 0 0 0 0 0 0 0 12 0 10 13 9 8 12 0 0 0 0 0 0 0 0 0 0 0 0 0 12 0 0 0 17 6 20 28 27 0 35 40 31 15 16 30 20 21 14 0 8 13 0 0 0 0 0 
0 0 0 0 0 0 0 0 0 0 0 0 0 0 12 0 10 13 9 8 12 0 0 0 0 0 0 0 0 0 0 0 0 0 12 0 0 0 17 6 20 28 27 0 35 40 31 15 16 30 20 21 14 0 8 13 0 0 0 0 0 
0 0 0 0 0 0 0 0 0 0 0 0 0 0 12 0 10 13 9 8 12 0 0 0 0 0 0 0 0 0 0 0 0 0 12 0 0 0 17 6 19 29 27 0 35 40 31 20 18 27 21 23 11 0 8 13 0 0 0 0 0 
0 0 0 0 0 0 0 0 0 0 0 0 0 0 12 0 10 13 9 8 12 0 0 0 0 0 0 0 0 0 0 0 0 0 12 0 0 0 17 6 19 29 27 0 35 40 31 20 18 27 21 23 11 0 8 13 0 0 0 0 0 
0 0 0 0 0 0 0 0 0 0 0 0 0 0 12 0 10 13 9 8 12 0 0 0 0 0 0 0 0 0 0 0 0 0 12 0 0 0 17 6 19 29 27 0 35 40 31 20 18 27 21 23 11 0 8 13 0 0 0 0 0 
0 0 0 0 0 0 0 0 0 0 0 0 0 0 12 0 10 13 10 9 12 0 0 0 0 0 0 0 0 0 0 0 0 0 12 0 0 0 18 6 19 27 28 0 35 39 32 21 18 29 24 17 14 0 8 13 0 0 0 0 0 
0 0 0 0 0 0 0 0 0 0 0 0 0 0 12 0 10 13 10 9 12 0 0 0 0 0 0 0 0 0 0 0 0 0 12 0 0 0 18 6 19 27 28 0 35 39 32 21 18 29 24 17 14 0 8 13 0 0 0 0 0 
0 0 0 0 0 0 0 0 0 0 0 0 0 0 12 0 10 13 10 9 12 0 0 0 0 0 0 0 0 0 0 0 0 0 12 0 0 0 18 6 19 27 28 0 35 39 32 21 18 29 24 17 14 0 8 13 0 0 0 0 0 
0 0 0 0 0 0 0 0 0 0 0 0 0 0 12 0 10 11 10 9 12 0 0 0 0 0 0 0 0 0 0 0 0 0 12 0 0 0 18 6 21 25 28 0 38 40 33 21 18 30 9 20 15 0 8 10 0 0 0 0 0 
0 0 0 0 0 0 0 0 0 0 0 0 0 0 12 0 10 11 10 9 12 0 0 0 0 0 0 0 0 0 0 0 0 0 12 0 0 0 18 6 21 25 28 0 38 40 33 21 18 30 9 20 15 0 8 10 0 0 0 0 0 
0 0 0 0 0 0 0 0 0 0 0 0 0 0 12 0 10 11 10 9 12 0 0 0 0 0 0 0 0 0 0 0 0 0 12 0 0 0 18 6 21 25 28 0 38 40 33 21 18 30 9 20 15 0 8 10 0 0 0 0 0 
