
0 0 0 0 0 0 0 0 0 0 0 0 0 0 9 0 10 13 8 0 0 0 0 0 0 0 0 0 0 0 0 0 0 0 0 0 0 0 17 9 22 27 27 0 17 35 29 0 20 29 18 10 14 0 10 11 0 0 0 0 0 
0 0 0 0 0 0 0 0 0 0 0 0 0 0 9 0 10 13 8 0 0 0 0 0 0 0 0 0 0 0 0 0 0 0 0 0 0 0 17 9 22 27 27 0 17 35 29 0 20 29 18 10 14 0 10 11 0 0 0 0 0 
0 0 0 0 0 0 0 0 0 0 0 0 0 0 9 0 10 13 8 0 0 0 0 0 0 0 0 0 0 0 0 0 0 0 0 0 0 0 17 9 22 27 27 0 17 35 29 0 20 29 18 10 14 0 10 11 0 0 0 0 0 
0 0 0 0 0 0 0 0 0 0 0 0 0 0 9 0 10 13 6 0 0 0 0 0 0 0 0 0 0 0 0 0 0 0 0 0 0 0 17 9 21 31 34 0 19 20 23 22 15 25 12 20 14 0 10 15 0 0 0 0 0 
0 0 0 0 0 0 0 0 0 0 0 0 0 0 9 0 10 13 6 0 0 0 0 0 0 0 0 0 0 0 0 0 0 0 0 0 0 0 17 9 21 31 34 0 19 20 23 22 15 25 12 20 14 0 10 15 0 0 0 0 0 
0 0 0 0 0 0 0 0 0 0 0 0 0 0 9 0 10 13 6 0 0 0 0 0 0 0 0 0 0 0 0 0 0 0 0 0 0 0 17 9 21 31 34 0 19 20 23 22 15 25 12 20 14 0 10 15 0 0 0 0 0 
0 0 0 0 0 0 0 0 0 0 0 0 0 0 9 0 10 13 8 14 0 0 0 0 0 0 0 0 0 0 0 0 0 0 0 0 0 0 17 9 14 29 34 0 11 30 17 27 15 25 14 20 14 0 10 16 0 0 0 0 0 
0 0 0 0 0 0 0 0 0 0 0 0 0 0 9 0 10 13 8 14 0 0 0 0 0 0 0 0 0 0 0 0 0 0 0 0 0 0 17 9 14 29 34 0 11 30 17 27 15 25 14 20 14 0 10 16 0 0 0 0 0 
0 0 0 0 0 0 0 0 0 0 0 0 0 0 9 0 10 13 8 14 0 0 0 0 0 0 0 0 0 0 0 0 0 0 0 0 0 0 17 9 14 29 34 0 11 30 17 27 15 25 14 20 14 0 10 16 0 0 0 0 0 
0 0 0 0 0 0 0 0 0 0 0 0 0 0 12 0 10 13 8 11 0 0 0 0 0 0 0 0 0 0 0 0 0 0 0 0 0 0 17 8 24 29 34 0 35 26 26 23 15 22 14 20 13 0 11 15 0 0 0 0 0 
0 0 0 0 0 0 0 0 0 0 0 0 0 0 12 0 10 13 8 11 0 0 0 0 0 0 0 0 0 0 0 0 0 0 0 0 0 0 17 8 24 29 34 0 35 26 26 23 15 22 14 20 13 0 11 15 0 0 0 0 0 
0 0 0 0 0 0 0 0 0 0 0 0 0 0 12 0 10 13 8 11 0 0 0 0 0 0 0 0 0 0 0 0 0 0 0 0 0 0 17 8 24 29 34 0 35 26 26 23 15 22 14 20 13 0 11 15 0 0 0 0 0 
0 0 0 0 0 0 0 0 0 0 0 0 0 0 12 0 7 13 9 11 0 0 0 0 0 0 0 0 0 0 0 0 0 0 0 0 0 0 17 8 24 34 35 0 35 23 25 24 12 25 9 19 12 0 11 14 0 0 0 0 0 
0 0 0 0 0 0 0 0 0 0 0 0 0 0 12 0 7 13 9 11 0 0 0 0 0 0 0 0 0 0 0 0 0 0 0 0 0 0 17 8 24 34 35 0 35 23 25 24 12 25 9 19 12 0 11 14 0 0 0 0 0 
0 0 0 0 0 0 0 0 0 0 0 0 0 0 12 0 7 13 9 11 0 0 0 0 0 0 0 0 0 0 0 0 0 0 0 0 0 0 17 8 24 34 35 0 35 23 25 24 12 25 9 19 12 0 11 14 0 0 0 0 0 
0 0 0 0 0 0 0 0 0 0 0 0 0 0 12 0 7 13 6 8 11 0 0 0 0 0 0 0 0 0 0 0 0 0 0 0 0 0 17 8 24 29 35 0 40 24 21 23 16 26 12 19 13 0 11 17 0 0 0 0 0 
0 0 0 0 0 0 0 0 0 0 0 0 0 0 12 0 7 13 6 8 11 0 0 0 0 0 0 0 0 0 0 0 0 0 0 0 0 0 17 8 24 29 35 0 40 24 21 23 16 26 12 19 13 0 11 17 0 0 0 0 0 
0 0 0 0 0 0 0 0 0 0 0 0 0 0 12 0 7 13 6 8 11 0 0 0 0 0 0 0 0 0 0 0 0 0 0 0 0 0 17 8 24 29 35 0 40 24 21 23 16 26 12 19 13 0 11 17 0 0 0 0 0 
0 0 0 0 0 0 0 0 0 0 0 0 0 0 12 0 7 8 6 10 12 0 0 0 0 0 0 0 0 0 0 0 0 0 0 0 0 0 17 8 23 29 34 0 35 25 24 23 13 26 12 19 13 0 11 17 0 0 0 0 0 
0 0 0 0 0 0 0 0 0 0 0 0 0 0 12 0 7 8 6 10 12 0 0 0 0 0 0 0 0 0 0 0 0 0 0 0 0 0 17 8 23 29 34 0 35 25 24 23 13 26 12 19 13 0 11 17 0 0 0 0 0 
0 0 0 0 0 0 0 0 0 0 0 0 0 0 12 0 7 8 6 10 12 0 0 0 0 0 0 0 0 0 0 0 0 0 0 0 0 0 17 8 23 29 34 0 35 25 24 23 13 26 12 19 13 0 11 17 0 0 0 0 0 
0 0 0 0 0 0 0 0 0 0 0 0 0 0 14 0 7 8 8 8 9 0 0 0 0 0 0 0 0 0 0 0 0 0 0 0 0 0 17 8 23 30 34 0 35 15 23 23 13 26 13 11 13 0 11 15 0 0 0 0 0 
0 0 0 0 0 0 0 0 0 0 0 0 0 0 14 0 7 8 8 8 9 0 0 0 0 0 0 0 0 0 0 0 0 0 0 0 0 0 17 8 23 30 34 0 35 15 23 23 13 26 13 11 13 0 11 15 0 0 0 0 0 
0 0 0 0 0 0 0 0 0 0 0 0 0 0 14 0 7 8 8 8 9 0 0 0 0 0 0 0 0 0 0 0 0 0 0 0 0 0 17 8 23 30 34 0 35 15 23 23 13 26 13 11 13 0 11 15 0 0 0 0 0 
0 0 0 0 0 0 0 0 0 0 0 0 0 0 14 0 7 8 8 10 9 0 0 0 0 0 0 0 0 0 0 0 0 0 0 0 0 0 13 8 23 29 37 0 23 24 23 24 13 26 13 19 13 0 11 15 0 0 0 0 0 
0 0 0 0 0 0 0 0 0 0 0 0 0 0 14 0 7 8 8 10 9 0 0 0 0 0 0 0 0 0 0 0 0 0 0 0 0 0 13 8 23 29 37 0 23 24 23 24 13 26 13 19 13 0 11 15 0 0 0 0 0 
0 0 0 0 0 0 0 0 0 0 0 0 0 0 14 0 7 8 8 10 9 0 0 0 0 0 0 0 0 0 0 0 0 0 0 0 0 0 13 8 23 29 37 0 23 24 23 24 13 26 13 19 13 0 11 15 0 0 0 0 0 
0 0 0 0 0 0 0 0 0 0 0 0 0 0 13 0 6 9 8 10 11 0 0 0 0 0 0 0 0 0 0 0 0 0 0 0 0 0 13 8 25 30 34 0 35 25 25 25 17 26 12 19 13 0 11 16 0 0 0 0 0 
0 0 0 0 0 0 0 0 0 0 0 0 0 0 13 0 6 9 8 10 11 0 0 0 0 0 0 0 0 0 0 0 0 0 0 0 0 0 13 8 25 30 34 0 35 25 25 25 17 26 12 19 13 0 11 16 0 0 0 0 0 
0 0 0 0 0 0 0 0 0 0 0 0 0 0 13 0 6 9 8 10 11 0 0 0 0 0 0 0 0 0 0 0 0 0 0 0 0 0 13 8 25 30 34 0 35 25 25 25 17 26 12 19 13 0 11 16 0 0 0 0 0 
0 0 0 0 0 0 0 0 0 0 0 0 0 0 13 0 6 8 9 10 11 0 0 0 0 0 0 0 0 0 0 0 0 0 0 0 0 0 13 7 23 30 34 0 35 24 23 11 17 27 12 19 15 0 11 18 0 0 0 0 0 
0 0 0 0 0 0 0 0 0 0 0 0 0 0 13 0 6 8 9 10 11 0 0 0 0 0 0 0 0 0 0 0 0 0 0 0 0 0 13 7 23 30 34 0 35 24 23 11 17 27 12 19 15 0 11 18 0 0 0 0 0 
0 0 0 0 0 0 0 0 0 0 0 0 0 0 13 0 6 8 9 10 11 0 0 0 0 0 0 0 0 0 0 0 0 0 0 0 0 0 13 7 23 30 34 0 35 24 23 11 17 27 12 19 15 0 11 18 0 0 0 0 0 
0 0 0 0 0 0 0 0 0 0 0 0 0 0 13 0 6 7 9 10 11 0 0 0 0 0 0 0 0 0 0 0 0 0 0 0 0 0 16 8 24 17 35 0 36 21 23 25 17 26 14 20 13 0 11 17 0 0 0 0 0 
0 0 0 0 0 0 0 0 0 0 0 0 0 0 13 0 6 7 9 10 11 0 0 0 0 0 0 0 0 0 0 0 0 0 0 0 0 0 16 8 24 17 35 0 36 21 23 25 17 26 14 20 13 0 11 17 0 0 0 0 0 
0 0 0 0 0 0 0 0 0 0 0 0 0 0 13 0 6 7 9 10 11 0 0 0 0 0 0 0 0 0 0 0 0 0 0 0 0 0 16 8 24 17 35 0 36 21 23 25 17 26 14 20 13 0 11 17 0 0 0 0 0 
0 0 0 0 0 0 0 0 0 0 0 0 0 0 13 0 6 9 9 10 11 0 0 0 0 0 0 0 0 0 0 0 0 0 0 0 0 0 16 8 23 31 35 0 35 16 24 24 17 26 14 20 14 0 13 15 0 0 0 0 0 
0 0 0 0 0 0 0 0 0 0 0 0 0 0 13 0 6 9 9 10 11 0 0 0 0 0 0 0 0 0 0 0 0 0 0 0 0 0 16 8 23 31 35 0 35 16 24 24 17 26 14 20 14 0 13 15 0 0 0 0 0 
0 0 0 0 0 0 0 0 0 0 0 0 0 0 13 0 6 9 9 10 11 0 0 0 0 0 0 0 0 0 0 0 0 0 0 0 0 0 16 8 23 31 35 0 35 16 24 24 17 26 14 20 14 0 13 15 0 0 0 0 0 
0 0 0 0 0 0 0 0 0 0 0 0 0 0 13 0 6 9 9 10 11 0 0 0 0 0 0 0 0 0 0 0 0 0 0 0 0 0 16 5 23 29 34 0 34 8 23 24 14 27 14 16 13 0 13 17 0 0 0 0 0 
0 0 0 0 0 0 0 0 0 0 0 0 0 0 13 0 6 9 9 10 11 0 0 0 0 0 0 0 0 0 0 0 0 0 0 0 0 0 16 5 23 29 34 0 34 8 23 24 14 27 14 16 13 0 13 17 0 0 0 0 0 
0 0 0 0 0 0 0 0 0 0 0 0 0 0 13 0 6 9 9 10 11 0 0 0 0 0 0 0 0 0 0 0 0 0 0 0 0 0 16 5 23 29 34 0 34 8 23 24 14 27 14 16 13 0 13 17 0 0 0 0 0 
0 0 0 0 0 0 0 0 0 0 0 0 0 0 15 0 6 9 9 10 11 0 0 0 0 0 0 0 0 0 0 0 0 0 0 0 0 0 17 5 24 29 11 0 35 22 23 11 12 26 13 14 14 0 13 16 0 0 0 0 0 
0 0 0 0 0 0 0 0 0 0 0 0 0 0 15 0 6 9 9 10 11 0 0 0 0 0 0 0 0 0 0 0 0 0 0 0 0 0 17 5 24 29 11 0 35 22 23 11 12 26 13 14 14 0 13 16 0 0 0 0 0 
0 0 0 0 0 0 0 0 0 0 0 0 0 0 15 0 6 9 9 10 11 0 0 0 0 0 0 0 0 0 0 0 0 0 0 0 0 0 17 5 24 29 11 0 35 22 23 11 12 26 13 14 14 0 13 16 0 0 0 0 0 
0 0 0 0 0 0 0 0 0 0 0 0 0 0 15 0 6 7 8 10 11 0 0 0 0 0 0 0 0 0 0 0 0 0 0 0 0 0 17 5 24 30 36 0 35 21 23 23 12 24 16 20 12 0 9 17 0 0 0 0 0 
0 0 0 0 0 0 0 0 0 0 0 0 0 0 15 0 6 7 8 10 11 0 0 0 0 0 0 0 0 0 0 0 0 0 0 0 0 0 17 5 24 30 36 0 35 21 23 23 12 24 16 20 12 0 9 17 0 0 0 0 0 
0 0 0 0 0 0 0 0 0 0 0 0 0 0 15 0 6 7 8 10 11 0 0 0 0 0 0 0 0 0 0 0 0 0 0 0 0 0 17 5 24 30 36 0 35 21 23 23 12 24 16 20 12 0 9 17 0 0 0 0 0 
0 0 0 0 0 0 0 0 0 0 0 0 0 0 15 0 6 8 8 10 11 0 0 0 0 0 0 0 0 0 0 0 0 0 0 0 0 0 17 10 23 30 34 0 20 10 24 26 15 24 16 13 12 0 9 15 0 0 0 0 0 
0 0 0 0 0 0 0 0 0 0 0 0 0 0 15 0 6 8 8 10 11 0 0 0 0 0 0 0 0 0 0 0 0 0 0 0 0 0 17 10 23 30 34 0 20 10 24 26 15 24 16 13 12 0 9 15 0 0 0 0 0 
0 0 0 0 0 0 0 0 0 0 0 0 0 0 15 0 6 8 8 10 11 0 0 0 0 0 0 0 0 0 0 0 0 0 0 0 0 0 17 10 23 30 34 0 20 10 24 26 15 24 16 13 12 0 9 15 0 0 0 0 0 
0 0 0 0 0 0 0 0 0 0 0 0 0 0 15 0 6 7 8 10 10 0 0 0 0 0 0 0 0 0 0 0 0 0 0 0 0 0 17 8 23 20 34 0 37 28 24 28 14 26 13 19 11 0 9 16 0 0 0 0 0 
0 0 0 0 0 0 0 0 0 0 0 0 0 0 15 0 6 7 8 10 10 0 0 0 0 0 0 0 0 0 0 0 0 0 0 0 0 0 17 8 23 20 34 0 37 28 24 28 14 26 13 19 11 0 9 16 0 0 0 0 0 
0 0 0 0 0 0 0 0 0 0 0 0 0 0 15 0 6 7 8 10 10 0 0 0 0 0 0 0 0 0 0 0 0 0 0 0 0 0 17 8 23 20 34 0 37 28 24 28 14 26 13 19 11 0 9 16 0 0 0 0 0 
0 0 0 0 0 0 0 0 0 0 0 0 0 0 15 0 6 9 8 10 10 0 0 0 0 0 0 0 0 0 0 0 0 0 0 0 0 0 17 8 13 30 13 0 36 29 23 24 16 25 13 19 11 0 9 16 0 0 0 0 0 
0 0 0 0 0 0 0 0 0 0 0 0 0 0 15 0 6 9 8 10 10 0 0 0 0 0 0 0 0 0 0 0 0 0 0 0 0 0 17 8 13 30 13 0 36 29 23 24 16 25 13 19 11 0 9 16 0 0 0 0 0 
0 0 0 0 0 0 0 0 0 0 0 0 0 0 15 0 6 9 8 10 10 0 0 0 0 0 0 0 0 0 0 0 0 0 0 0 0 0 17 8 13 30 13 0 36 29 23 24 16 25 13 19 11 0 9 16 0 0 0 0 0 
0 0 0 0 0 0 0 0 0 0 0 0 0 0 15 0 6 9 7 12 10 0 0 0 0 0 0 0 0 0 0 0 0 0 0 0 0 0 17 8 23 14 34 0 37 27 23 25 16 26 13 19 11 0 9 16 0 0 0 0 0 
0 0 0 0 0 0 0 0 0 0 0 0 0 0 15 0 6 9 7 12 10 0 0 0 0 0 0 0 0 0 0 0 0 0 0 0 0 0 17 8 23 14 34 0 37 27 23 25 16 26 13 19 11 0 9 16 0 0 0 0 0 
0 0 0 0 0 0 0 0 0 0 0 0 0 0 15 0 6 9 7 12 10 0 0 0 0 0 0 0 0 0 0 0 0 0 0 0 0 0 17 8 23 14 34 0 37 27 23 25 16 26 13 19 11 0 9 16 0 0 0 0 0 
0 0 0 0 0 0 0 0 0 0 0 0 0 0 15 0 6 9 7 11 10 0 0 0 0 0 0 0 0 0 0 0 0 0 0 0 0 0 17 8 25 30 35 0 37 27 25 25 17 24 13 19 13 0 9 15 0 0 0 0 0 
0 0 0 0 0 0 0 0 0 0 0 0 0 0 15 0 6 9 7 11 10 0 0 0 0 0 0 0 0 0 0 0 0 0 0 0 0 0 17 8 25 30 35 0 37 27 25 25 17 24 13 19 13 0 9 15 0 0 0 0 0 
0 0 0 0 0 0 0 0 0 0 0 0 0 0 15 0 6 9 7 11 10 0 0 0 0 0 0 0 0 0 0 0 0 0 0 0 0 0 17 8 25 30 35 0 37 27 25 25 17 24 13 19 13 0 9 15 0 0 0 0 0 
0 0 0 0 0 0 0 0 0 0 0 0 0 0 15 0 6 8 7 11 10 0 0 0 0 0 0 0 0 0 0 0 0 0 0 0 0 0 15 9 18 30 35 0 35 26 23 27 15 28 13 20 15 0 9 15 0 0 0 0 0 
0 0 0 0 0 0 0 0 0 0 0 0 0 0 15 0 6 8 7 11 10 0 0 0 0 0 0 0 0 0 0 0 0 0 0 0 0 0 15 9 18 30 35 0 35 26 23 27 15 28 13 20 15 0 9 15 0 0 0 0 0 
0 0 0 0 0 0 0 0 0 0 0 0 0 0 15 0 6 8 7 11 10 0 0 0 0 0 0 0 0 0 0 0 0 0 0 0 0 0 15 9 18 30 35 0 35 26 23 27 15 28 13 20 15 0 9 15 0 0 0 0 0 
0 0 0 0 0 0 0 0 0 0 0 0 0 0 15 0 6 8 7 11 10 0 0 0 0 0 0 0 0 0 0 0 0 0 0 0 0 0 15 9 18 30 23 0 35 29 24 25 15 23 14 19 13 0 9 16 0 0 0 0 0 
0 0 0 0 0 0 0 0 0 0 0 0 0 0 15 0 6 8 7 11 10 0 0 0 0 0 0 0 0 0 0 0 0 0 0 0 0 0 15 9 18 30 23 0 35 29 24 25 15 23 14 19 13 0 9 16 0 0 0 0 0 
0 0 0 0 0 0 0 0 0 0 0 0 0 0 15 0 6 8 7 11 10 0 0 0 0 0 0 0 0 0 0 0 0 0 0 0 0 0 15 9 18 30 23 0 35 29 24 25 15 23 14 19 13 0 9 16 0 0 0 0 0 
0 0 0 0 0 0 0 0 0 0 0 0 0 0 15 0 6 8 7 11 10 0 0 0 0 0 0 0 0 0 0 0 0 0 0 0 0 0 15 9 14 32 35 0 35 27 24 25 15 25 14 19 14 0 9 16 0 0 0 0 0 
0 0 0 0 0 0 0 0 0 0 0 0 0 0 15 0 6 8 7 11 10 0 0 0 0 0 0 0 0 0 0 0 0 0 0 0 0 0 15 9 14 32 35 0 35 27 24 25 15 25 14 19 14 0 9 16 0 0 0 0 0 
0 0 0 0 0 0 0 0 0 0 0 0 0 0 15 0 6 8 7 11 10 0 0 0 0 0 0 0 0 0 0 0 0 0 0 0 0 0 15 9 14 32 35 0 35 27 24 25 15 25 14 19 14 0 9 16 0 0 0 0 0 
0 0 0 0 0 0 0 0 0 0 0 0 0 0 15 0 6 8 7 11 10 0 0 0 0 0 0 0 0 0 0 0 0 0 0 0 0 0 17 9 24 30 34 0 35 29 22 25 15 25 12 19 8 0 9 16 0 0 0 0 0 
0 0 0 0 0 0 0 0 0 0 0 0 0 0 15 0 6 8 7 11 10 0 0 0 0 0 0 0 0 0 0 0 0 0 0 0 0 0 17 9 24 30 34 0 35 29 22 25 15 25 12 19 8 0 9 16 0 0 0 0 0 
0 0 0 0 0 0 0 0 0 0 0 0 0 0 15 0 6 8 7 11 10 0 0 0 0 0 0 0 0 0 0 0 0 0 0 0 0 0 17 9 24 30 34 0 35 29 22 25 15 25 12 19 8 0 9 16 0 0 0 0 0 
0 0 0 0 0 0 0 0 0 0 0 0 0 0 15 0 6 8 6 11 10 0 0 0 0 0 0 0 0 0 0 0 0 0 0 0 0 0 15 8 23 30 35 0 36 26 22 24 15 24 15 13 8 0 9 16 0 0 0 0 0 
0 0 0 0 0 0 0 0 0 0 0 0 0 0 15 0 6 8 6 11 10 0 0 0 0 0 0 0 0 0 0 0 0 0 0 0 0 0 15 8 23 30 35 0 36 26 22 24 15 24 15 13 8 0 9 16 0 0 0 0 0 
0 0 0 0 0 0 0 0 0 0 0 0 0 0 15 0 6 8 6 11 10 0 0 0 0 0 0 0 0 0 0 0 0 0 0 0 0 0 15 8 23 30 35 0 36 26 22 24 15 24 15 13 8 0 9 16 0 0 0 0 0 
0 0 0 0 0 0 0 0 0 0 0 0 0 0 15 0 6 8 6 10 11 0 0 0 0 0 0 0 0 0 0 0 0 0 0 0 0 0 15 7 24 30 35 0 10 28 22 24 15 23 9 22 14 0 9 14 0 0 0 0 0 
0 0 0 0 0 0 0 0 0 0 0 0 0 0 15 0 6 8 6 10 11 0 0 0 0 0 0 0 0 0 0 0 0 0 0 0 0 0 15 7 24 30 35 0 10 28 22 24 15 23 9 22 14 0 9 14 0 0 0 0 0 
0 0 0 0 0 0 0 0 0 0 0 0 0 0 15 0 6 8 6 10 11 0 0 0 0 0 0 0 0 0 0 0 0 0 0 0 0 0 15 7 24 30 35 0 10 28 22 24 15 23 9 22 14 0 9 14 0 0 0 0 0 
0 0 0 0 0 0 0 0 0 0 0 0 0 0 15 0 6 8 7 12 11 0 0 0 0 0 0 0 0 0 0 0 0 0 0 0 0 0 16 9 23 13 35 0 36 27 25 25 15 25 9 18 14 0 9 16 0 0 0 0 0 
0 0 0 0 0 0 0 0 0 0 0 0 0 0 15 0 6 8 7 12 11 0 0 0 0 0 0 0 0 0 0 0 0 0 0 0 0 0 16 9 23 13 35 0 36 27 25 25 15 25 9 18 14 0 9 16 0 0 0 0 0 
0 0 0 0 0 0 0 0 0 0 0 0 0 0 15 0 6 8 7 12 11 0 0 0 0 0 0 0 0 0 0 0 0 0 0 0 0 0 16 9 23 13 35 0 36 27 25 25 15 25 9 18 14 0 9 16 0 0 0 0 0 
0 0 0 0 0 0 0 0 0 0 0 0 0 0 15 0 6 8 7 10 10 0 0 0 0 0 0 0 0 0 0 0 0 0 0 0 0 0 16 8 23 32 35 0 36 27 25 25 15 23 14 19 14 0 9 15 0 0 0 0 0 
0 0 0 0 0 0 0 0 0 0 0 0 0 0 15 0 6 8 7 10 10 0 0 0 0 0 0 0 0 0 0 0 0 0 0 0 0 0 16 8 23 32 35 0 36 27 25 25 15 23 14 19 14 0 9 15 0 0 0 0 0 
0 0 0 0 0 0 0 0 0 0 0 0 0 0 15 0 6 8 7 10 10 0 0 0 0 0 0 0 0 0 0 0 0 0 0 0 0 0 16 8 23 32 35 0 36 27 25 25 15 23 14 19 14 0 9 15 0 0 0 0 0 
0 0 0 0 0 0 0 0 0 0 0 0 0 0 15 0 6 8 7 10 10 0 0 0 0 0 0 0 0 0 0 0 0 0 0 0 0 0 15 8 13 30 35 0 35 28 17 25 16 24 14 19 14 0 9 16 0 0 0 0 0 
0 0 0 0 0 0 0 0 0 0 0 0 0 0 15 0 6 8 7 10 10 0 0 0 0 0 0 0 0 0 0 0 0 0 0 0 0 0 15 8 13 30 35 0 35 28 17 25 16 24 14 19 14 0 9 16 0 0 0 0 0 
0 0 0 0 0 0 0 0 0 0 0 0 0 0 15 0 6 8 7 10 10 0 0 0 0 0 0 0 0 0 0 0 0 0 0 0 0 0 15 8 13 30 35 0 35 28 17 25 16 24 14 19 14 0 9 16 0 0 0 0 0 
0 0 0 0 0 0 0 0 0 0 0 0 0 0 15 0 6 9 7 11 10 0 0 0 0 0 0 0 0 0 0 0 0 0 0 0 0 0 15 9 21 31 39 0 36 29 23 25 16 24 15 20 15 0 9 15 0 0 0 0 0 
0 0 0 0 0 0 0 0 0 0 0 0 0 0 15 0 6 9 7 11 10 0 0 0 0 0 0 0 0 0 0 0 0 0 0 0 0 0 15 9 21 31 39 0 36 29 23 25 16 24 15 20 15 0 9 15 0 0 0 0 0 
0 0 0 0 0 0 0 0 0 0 0 0 0 0 15 0 6 9 7 11 10 0 0 0 0 0 0 0 0 0 0 0 0 0 0 0 0 0 15 9 21 31 39 0 36 29 23 25 16 24 15 20 15 0 9 15 0 0 0 0 0 
0 0 0 0 0 0 0 0 0 0 0 0 0 0 15 0 6 9 7 11 10 0 0 0 0 0 0 0 0 0 0 0 0 0 0 0 0 0 15 9 22 32 35 0 36 29 25 26 16 24 15 20 15 0 9 15 0 0 0 0 0 
0 0 0 0 0 0 0 0 0 0 0 0 0 0 15 0 6 9 7 11 10 0 0 0 0 0 0 0 0 0 0 0 0 0 0 0 0 0 15 9 22 32 35 0 36 29 25 26 16 24 15 20 15 0 9 15 0 0 0 0 0 
0 0 0 0 0 0 0 0 0 0 0 0 0 0 15 0 6 9 7 11 10 0 0 0 0 0 0 0 0 0 0 0 0 0 0 0 0 0 15 9 22 32 35 0 36 29 25 26 16 24 15 20 15 0 9 15 0 0 0 0 0 
0 0 0 0 0 0 0 0 0 0 0 0 0 0 15 0 6 8 7 10 10 0 0 0 0 0 0 0 0 0 0 0 0 0 0 0 0 0 15 9 23 29 35 0 43 29 24 26 15 24 13 19 15 0 9 15 0 0 0 0 0 
0 0 0 0 0 0 0 0 0 0 0 0 0 0 15 0 6 8 7 10 10 0 0 0 0 0 0 0 0 0 0 0 0 0 0 0 0 0 15 9 23 29 35 0 43 29 24 26 15 24 13 19 15 0 9 15 0 0 0 0 0 
0 0 0 0 0 0 0 0 0 0 0 0 0 0 15 0 6 8 7 10 10 0 0 0 0 0 0 0 0 0 0 0 0 0 0 0 0 0 15 9 23 29 35 0 43 29 24 26 15 24 13 19 15 0 9 15 0 0 0 0 0 
0 0 0 0 0 0 0 0 0 0 0 0 0 0 15 0 6 8 7 10 10 0 0 0 0 0 0 0 0 0 0 0 0 0 0 0 0 0 16 9 22 30 34 0 19 28 25 26 16 25 13 20 14 0 9 15 0 0 0 0 0 
0 0 0 0 0 0 0 0 0 0 0 0 0 0 15 0 6 8 7 10 10 0 0 0 0 0 0 0 0 0 0 0 0 0 0 0 0 0 16 9 22 30 34 0 19 28 25 26 16 25 13 20 14 0 9 15 0 0 0 0 0 
0 0 0 0 0 0 0 0 0 0 0 0 0 0 15 0 6 8 7 10 10 0 0 0 0 0 0 0 0 0 0 0 0 0 0 0 0 0 16 9 22 30 34 0 19 28 25 26 16 25 13 20 14 0 9 15 0 0 0 0 0 
0 0 0 0 0 0 0 0 0 0 0 0 0 0 15 0 6 8 7 10 10 0 0 0 0 0 0 0 0 0 0 0 0 0 0 0 0 0 16 8 23 30 15 0 35 31 22 26 17 24 14 20 14 0 9 14 0 0 0 0 0 
0 0 0 0 0 0 0 0 0 0 0 0 0 0 15 0 6 8 7 10 10 0 0 0 0 0 0 0 0 0 0 0 0 0 0 0 0 0 16 8 23 30 15 0 35 31 22 26 17 24 14 20 14 0 9 14 0 0 0 0 0 
0 0 0 0 0 0 0 0 0 0 0 0 0 0 15 0 6 8 7 10 10 0 0 0 0 0 0 0 0 0 0 0 0 0 0 0 0 0 16 8 23 30 15 0 35 31 22 26 17 24 14 20 14 0 9 14 0 0 0 0 0 
0 0 0 0 0 0 0 0 0 0 0 0 0 0 15 0 6 10 7 12 10 0 0 0 0 0 0 0 0 0 0 0 0 0 0 0 0 0 16 8 23 30 34 0 36 29 25 24 17 24 12 21 15 0 9 16 0 0 0 0 0 
0 0 0 0 0 0 0 0 0 0 0 0 0 0 15 0 6 10 7 12 10 0 0 0 0 0 0 0 0 0 0 0 0 0 0 0 0 0 16 8 23 30 34 0 36 29 25 24 17 24 12 21 15 0 9 16 0 0 0 0 0 
0 0 0 0 0 0 0 0 0 0 0 0 0 0 15 0 6 10 7 12 10 0 0 0 0 0 0 0 0 0 0 0 0 0 0 0 0 0 16 8 23 30 34 0 36 29 25 24 17 24 12 21 15 0 9 16 0 0 0 0 0 
0 0 0 0 0 0 0 0 0 0 0 0 0 0 15 0 6 8 5 12 10 0 0 0 0 0 0 0 0 0 0 0 0 0 0 0 0 0 16 8 23 30 35 0 37 28 20 25 16 24 14 20 15 0 9 15 0 0 0 0 0 
0 0 0 0 0 0 0 0 0 0 0 0 0 0 15 0 6 8 5 12 10 0 0 0 0 0 0 0 0 0 0 0 0 0 0 0 0 0 16 8 23 30 35 0 37 28 20 25 16 24 14 20 15 0 9 15 0 0 0 0 0 
0 0 0 0 0 0 0 0 0 0 0 0 0 0 15 0 6 8 5 12 10 0 0 0 0 0 0 0 0 0 0 0 0 0 0 0 0 0 16 8 23 30 35 0 37 28 20 25 16 24 14 20 15 0 9 15 0 0 0 0 0 
0 0 0 0 0 0 0 0 0 0 0 0 0 0 15 0 6 8 5 10 10 0 0 0 0 0 0 0 0 0 0 0 0 0 0 0 0 0 16 8 23 32 34 0 36 29 22 25 16 23 13 19 13 0 8 16 0 0 0 0 0 
0 0 0 0 0 0 0 0 0 0 0 0 0 0 15 0 6 8 5 10 10 0 0 0 0 0 0 0 0 0 0 0 0 0 0 0 0 0 16 8 23 32 34 0 36 29 22 25 16 23 13 19 13 0 8 16 0 0 0 0 0 
0 0 0 0 0 0 0 0 0 0 0 0 0 0 15 0 6 8 5 10 10 0 0 0 0 0 0 0 0 0 0 0 0 0 0 0 0 0 16 8 23 32 34 0 36 29 22 25 16 23 13 19 13 0 8 16 0 0 0 0 0 
