
0 0 0 0 0 0 0 0 0 0 0 0 0 0 0 0 0 0 0 0 0 0 0 0 0 0 0 0 0 0 0 0 0 0 0 0 0 0 0 0 22 21 25 0 30 33 19 14 12 15 13 0 0 0 0 0 0 0 0 0 0 
0 0 0 0 0 0 0 0 0 0 0 0 0 0 0 0 0 0 0 0 0 0 0 0 0 0 0 0 0 0 0 0 0 0 0 0 0 0 0 0 22 21 25 0 30 33 19 14 12 15 13 0 0 0 0 0 0 0 0 0 0 
0 0 0 0 0 0 0 0 0 0 0 0 0 0 0 0 0 0 0 0 0 0 0 0 0 0 0 0 0 0 0 0 0 0 0 0 0 0 0 0 22 21 25 0 30 33 19 14 12 15 13 0 0 0 0 0 0 0 0 0 0 
0 0 0 0 0 0 0 0 0 0 0 0 0 0 0 0 0 12 0 0 0 0 0 0 0 0 0 0 0 0 0 0 0 0 0 0 0 0 17 16 26 29 7 0 27 36 21 26 12 15 9 0 0 0 13 13 0 0 0 0 0 
0 0 0 0 0 0 0 0 0 0 0 0 0 0 0 0 0 12 0 0 0 0 0 0 0 0 0 0 0 0 0 0 0 0 0 0 0 0 17 16 26 29 7 0 27 36 21 26 12 15 9 0 0 0 13 13 0 0 0 0 0 
0 0 0 0 0 0 0 0 0 0 0 0 0 0 0 0 0 12 0 0 0 0 0 0 0 0 0 0 0 0 0 0 0 0 0 0 0 0 17 16 26 29 7 0 27 36 21 26 12 15 9 0 0 0 13 13 0 0 0 0 0 
0 0 0 0 0 0 0 0 0 0 0 0 0 0 0 0 0 12 0 0 0 0 0 0 0 0 0 0 0 0 0 0 0 0 0 0 0 0 17 16 30 9 33 0 26 39 23 24 12 14 9 0 16 0 11 12 0 0 0 0 0 
0 0 0 0 0 0 0 0 0 0 0 0 0 0 0 0 0 12 0 0 0 0 0 0 0 0 0 0 0 0 0 0 0 0 0 0 0 0 17 16 30 9 33 0 26 39 23 24 12 14 9 0 16 0 11 12 0 0 0 0 0 
0 0 0 0 0 0 0 0 0 0 0 0 0 0 0 0 0 12 0 0 0 0 0 0 0 0 0 0 0 0 0 0 0 0 0 0 0 0 17 16 30 9 33 0 26 39 23 24 12 14 9 0 16 0 11 12 0 0 0 0 0 
0 0 0 0 0 0 0 0 0 0 0 0 0 0 0 0 0 12 0 0 0 0 0 0 0 0 0 0 0 0 0 0 0 0 0 0 0 0 19 15 27 13 33 0 26 7 24 25 12 18 12 0 14 0 13 8 0 0 0 0 0 
0 0 0 0 0 0 0 0 0 0 0 0 0 0 0 0 0 12 0 0 0 0 0 0 0 0 0 0 0 0 0 0 0 0 0 0 0 0 19 15 27 13 33 0 26 7 24 25 12 18 12 0 14 0 13 8 0 0 0 0 0 
0 0 0 0 0 0 0 0 0 0 0 0 0 0 0 0 0 12 0 0 0 0 0 0 0 0 0 0 0 0 0 0 0 0 0 0 0 0 19 15 27 13 33 0 26 7 24 25 12 18 12 0 14 0 13 8 0 0 0 0 0 
0 0 0 0 0 0 0 0 0 0 0 0 0 0 0 0 0 11 0 0 0 0 0 0 0 0 0 0 0 0 0 0 0 0 0 0 0 0 18 15 29 30 34 0 12 37 24 25 12 16 12 12 14 0 13 9 0 0 0 0 0 
0 0 0 0 0 0 0 0 0 0 0 0 0 0 0 0 0 11 0 0 0 0 0 0 0 0 0 0 0 0 0 0 0 0 0 0 0 0 18 15 29 30 34 0 12 37 24 25 12 16 12 12 14 0 13 9 0 0 0 0 0 
0 0 0 0 0 0 0 0 0 0 0 0 0 0 0 0 0 11 0 0 0 0 0 0 0 0 0 0 0 0 0 0 0 0 0 0 0 0 18 15 29 30 34 0 12 37 24 25 12 16 12 12 14 0 13 9 0 0 0 0 0 
0 0 0 0 0 0 0 0 0 0 0 0 0 0 0 0 0 11 0 8 0 0 0 0 0 0 0 0 0 0 0 0 0 0 0 0 0 0 18 14 26 30 34 0 26 38 25 24 12 18 12 15 14 0 11 12 0 0 0 0 0 
0 0 0 0 0 0 0 0 0 0 0 0 0 0 0 0 0 11 0 8 0 0 0 0 0 0 0 0 0 0 0 0 0 0 0 0 0 0 18 14 26 30 34 0 26 38 25 24 12 18 12 15 14 0 11 12 0 0 0 0 0 
0 0 0 0 0 0 0 0 0 0 0 0 0 0 0 0 0 11 0 8 0 0 0 0 0 0 0 0 0 0 0 0 0 0 0 0 0 0 18 14 26 30 34 0 26 38 25 24 12 18 12 15 14 0 11 12 0 0 0 0 0 
0 0 0 0 0 0 0 0 0 0 0 0 0 0 0 0 0 9 0 8 0 0 0 0 0 0 0 0 0 0 0 0 0 0 0 0 0 0 19 15 26 30 33 0 26 38 25 11 12 19 13 14 15 0 11 13 0 0 0 0 0 
0 0 0 0 0 0 0 0 0 0 0 0 0 0 0 0 0 9 0 8 0 0 0 0 0 0 0 0 0 0 0 0 0 0 0 0 0 0 19 15 26 30 33 0 26 38 25 11 12 19 13 14 15 0 11 13 0 0 0 0 0 
0 0 0 0 0 0 0 0 0 0 0 0 0 0 0 0 0 9 0 8 0 0 0 0 0 0 0 0 0 0 0 0 0 0 0 0 0 0 19 15 26 30 33 0 26 38 25 11 12 19 13 14 15 0 11 13 0 0 0 0 0 
0 0 0 0 0 0 0 0 0 0 0 0 0 0 0 0 0 10 0 8 0 0 0 0 0 0 0 0 0 0 0 0 0 0 0 0 0 0 17 16 8 30 12 0 30 38 26 25 12 19 13 14 14 0 12 13 0 0 0 0 0 
0 0 0 0 0 0 0 0 0 0 0 0 0 0 0 0 0 10 0 8 0 0 0 0 0 0 0 0 0 0 0 0 0 0 0 0 0 0 17 16 8 30 12 0 30 38 26 25 12 19 13 14 14 0 12 13 0 0 0 0 0 
0 0 0 0 0 0 0 0 0 0 0 0 0 0 0 0 0 10 0 8 0 0 0 0 0 0 0 0 0 0 0 0 0 0 0 0 0 0 17 16 8 30 12 0 30 38 26 25 12 19 13 14 14 0 12 13 0 0 0 0 0 
0 0 0 0 0 0 0 0 0 0 0 0 0 0 0 0 0 11 7 8 0 0 0 0 0 0 0 0 0 0 0 0 0 0 0 0 0 0 17 15 30 30 34 0 25 38 24 25 11 13 13 12 14 0 15 13 0 0 0 0 0 
0 0 0 0 0 0 0 0 0 0 0 0 0 0 0 0 0 11 7 8 0 0 0 0 0 0 0 0 0 0 0 0 0 0 0 0 0 0 17 15 30 30 34 0 25 38 24 25 11 13 13 12 14 0 15 13 0 0 0 0 0 
0 0 0 0 0 0 0 0 0 0 0 0 0 0 0 0 0 11 7 8 0 0 0 0 0 0 0 0 0 0 0 0 0 0 0 0 0 0 17 15 30 30 34 0 25 38 24 25 11 13 13 12 14 0 15 13 0 0 0 0 0 
0 0 0 0 0 0 0 0 0 0 0 0 0 0 0 0 0 10 7 8 0 0 0 0 0 0 0 0 0 0 0 0 0 0 0 0 0 0 19 15 27 31 34 0 13 38 25 24 12 17 13 15 15 0 15 13 0 0 0 0 0 
0 0 0 0 0 0 0 0 0 0 0 0 0 0 0 0 0 10 7 8 0 0 0 0 0 0 0 0 0 0 0 0 0 0 0 0 0 0 19 15 27 31 34 0 13 38 25 24 12 17 13 15 15 0 15 13 0 0 0 0 0 
0 0 0 0 0 0 0 0 0 0 0 0 0 0 0 0 0 10 7 8 0 0 0 0 0 0 0 0 0 0 0 0 0 0 0 0 0 0 19 15 27 31 34 0 13 38 25 24 12 17 13 15 15 0 15 13 0 0 0 0 0 
0 0 0 0 0 0 0 0 0 0 0 0 0 0 0 0 0 11 7 8 0 0 0 0 0 0 0 0 0 0 0 0 0 0 0 0 0 0 18 14 27 30 46 0 26 37 24 20 12 17 13 15 15 0 14 13 0 0 0 0 0 
0 0 0 0 0 0 0 0 0 0 0 0 0 0 0 0 0 11 7 8 0 0 0 0 0 0 0 0 0 0 0 0 0 0 0 0 0 0 18 14 27 30 46 0 26 37 24 20 12 17 13 15 15 0 14 13 0 0 0 0 0 
0 0 0 0 0 0 0 0 0 0 0 0 0 0 0 0 0 11 7 8 0 0 0 0 0 0 0 0 0 0 0 0 0 0 0 0 0 0 18 14 27 30 46 0 26 37 24 20 12 17 13 15 15 0 14 13 0 0 0 0 0 
0 0 0 0 0 0 0 0 0 0 0 0 0 0 0 0 0 11 7 8 0 0 0 0 0 0 0 0 0 0 0 0 0 0 0 0 0 0 18 14 27 31 31 0 26 35 24 26 12 17 13 15 15 0 12 13 0 0 0 0 0 
0 0 0 0 0 0 0 0 0 0 0 0 0 0 0 0 0 11 7 8 0 0 0 0 0 0 0 0 0 0 0 0 0 0 0 0 0 0 18 14 27 31 31 0 26 35 24 26 12 17 13 15 15 0 12 13 0 0 0 0 0 
0 0 0 0 0 0 0 0 0 0 0 0 0 0 0 0 0 11 7 8 0 0 0 0 0 0 0 0 0 0 0 0 0 0 0 0 0 0 18 14 27 31 31 0 26 35 24 26 12 17 13 15 15 0 12 13 0 0 0 0 0 
0 0 0 0 0 0 0 0 0 0 0 0 0 0 0 0 0 11 7 8 0 0 0 0 0 0 0 0 0 0 0 0 0 0 0 0 0 0 19 8 27 30 33 0 26 38 25 25 12 16 13 15 16 0 13 13 0 0 0 0 0 
0 0 0 0 0 0 0 0 0 0 0 0 0 0 0 0 0 11 7 8 0 0 0 0 0 0 0 0 0 0 0 0 0 0 0 0 0 0 19 8 27 30 33 0 26 38 25 25 12 16 13 15 16 0 13 13 0 0 0 0 0 
0 0 0 0 0 0 0 0 0 0 0 0 0 0 0 0 0 11 7 8 0 0 0 0 0 0 0 0 0 0 0 0 0 0 0 0 0 0 19 8 27 30 33 0 26 38 25 25 12 16 13 15 16 0 13 13 0 0 0 0 0 
0 0 0 0 0 0 0 0 0 0 0 0 0 0 0 0 0 11 6 8 0 0 0 0 0 0 0 0 0 0 0 0 0 0 0 0 0 0 18 8 18 30 34 0 26 37 25 9 13 19 13 15 16 0 13 13 0 0 0 0 0 
0 0 0 0 0 0 0 0 0 0 0 0 0 0 0 0 0 11 6 8 0 0 0 0 0 0 0 0 0 0 0 0 0 0 0 0 0 0 18 8 18 30 34 0 26 37 25 9 13 19 13 15 16 0 13 13 0 0 0 0 0 
0 0 0 0 0 0 0 0 0 0 0 0 0 0 0 0 0 11 6 8 0 0 0 0 0 0 0 0 0 0 0 0 0 0 0 0 0 0 18 8 18 30 34 0 26 37 25 9 13 19 13 15 16 0 13 13 0 0 0 0 0 
0 0 0 0 0 0 0 0 0 0 0 0 0 0 0 0 0 11 6 8 0 0 0 0 0 0 0 0 0 0 0 0 0 0 0 0 0 0 18 15 26 29 33 0 25 38 25 25 11 17 13 16 14 0 13 13 0 0 0 0 0 
0 0 0 0 0 0 0 0 0 0 0 0 0 0 0 0 0 11 6 8 0 0 0 0 0 0 0 0 0 0 0 0 0 0 0 0 0 0 18 15 26 29 33 0 25 38 25 25 11 17 13 16 14 0 13 13 0 0 0 0 0 
0 0 0 0 0 0 0 0 0 0 0 0 0 0 0 0 0 11 6 8 0 0 0 0 0 0 0 0 0 0 0 0 0 0 0 0 0 0 18 15 26 29 33 0 25 38 25 25 11 17 13 16 14 0 13 13 0 0 0 0 0 
0 0 0 0 0 0 0 0 0 0 0 0 0 0 0 0 0 10 6 8 0 0 0 0 0 0 0 0 0 0 0 0 0 0 0 0 0 0 18 15 26 30 34 0 26 37 6 26 9 17 7 15 17 0 12 13 0 0 0 0 0 
0 0 0 0 0 0 0 0 0 0 0 0 0 0 0 0 0 10 6 8 0 0 0 0 0 0 0 0 0 0 0 0 0 0 0 0 0 0 18 15 26 30 34 0 26 37 6 26 9 17 7 15 17 0 12 13 0 0 0 0 0 
0 0 0 0 0 0 0 0 0 0 0 0 0 0 0 0 0 10 6 8 0 0 0 0 0 0 0 0 0 0 0 0 0 0 0 0 0 0 18 15 26 30 34 0 26 37 6 26 9 17 7 15 17 0 12 13 0 0 0 0 0 
0 0 0 0 0 0 0 0 0 0 0 0 0 0 0 0 0 8 6 8 0 0 0 0 0 0 0 0 0 0 0 0 0 0 0 0 0 0 18 14 25 27 35 0 25 9 25 25 9 18 8 14 16 0 13 13 0 0 0 0 0 
0 0 0 0 0 0 0 0 0 0 0 0 0 0 0 0 0 8 6 8 0 0 0 0 0 0 0 0 0 0 0 0 0 0 0 0 0 0 18 14 25 27 35 0 25 9 25 25 9 18 8 14 16 0 13 13 0 0 0 0 0 
0 0 0 0 0 0 0 0 0 0 0 0 0 0 0 0 0 8 6 8 0 0 0 0 0 0 0 0 0 0 0 0 0 0 0 0 0 0 18 14 25 27 35 0 25 9 25 25 9 18 8 14 16 0 13 13 0 0 0 0 0 
0 0 0 0 0 0 0 0 0 0 0 0 0 0 0 0 0 8 6 8 0 0 0 0 0 0 0 0 0 0 0 0 5 0 0 9 0 0 17 16 26 30 34 0 26 37 24 24 9 17 8 14 16 0 13 10 0 0 0 0 0 
0 0 0 0 0 0 0 0 0 0 0 0 0 0 0 0 0 8 6 8 0 0 0 0 0 0 0 0 0 0 0 0 5 0 0 9 0 0 17 16 26 30 34 0 26 37 24 24 9 17 8 14 16 0 13 10 0 0 0 0 0 
0 0 0 0 0 0 0 0 0 0 0 0 0 0 0 0 0 8 6 8 0 0 0 0 0 0 0 0 0 0 0 0 5 0 0 9 0 0 17 16 26 30 34 0 26 37 24 24 9 17 8 14 16 0 13 10 0 0 0 0 0 
0 0 0 0 0 0 0 0 0 0 0 0 0 0 11 0 0 8 6 8 0 0 0 0 0 0 0 0 0 0 0 0 5 0 0 9 0 0 17 14 24 8 34 0 10 37 24 24 12 17 8 14 16 0 14 12 0 0 0 0 0 
0 0 0 0 0 0 0 0 0 0 0 0 0 0 11 0 0 8 6 8 0 0 0 0 0 0 0 0 0 0 0 0 5 0 0 9 0 0 17 14 24 8 34 0 10 37 24 24 12 17 8 14 16 0 14 12 0 0 0 0 0 
0 0 0 0 0 0 0 0 0 0 0 0 0 0 11 0 0 8 6 8 0 0 0 0 0 0 0 0 0 0 0 0 5 0 0 9 0 0 17 14 24 8 34 0 10 37 24 24 12 17 8 14 16 0 14 12 0 0 0 0 0 
0 0 0 0 0 0 0 0 0 0 0 0 0 0 11 0 0 11 5 8 0 0 0 0 0 0 0 0 0 0 0 0 5 0 0 9 0 0 17 13 27 30 34 0 26 38 25 7 12 17 8 15 16 0 14 15 0 0 0 0 0 
0 0 0 0 0 0 0 0 0 0 0 0 0 0 11 0 0 11 5 8 0 0 0 0 0 0 0 0 0 0 0 0 5 0 0 9 0 0 17 13 27 30 34 0 26 38 25 7 12 17 8 15 16 0 14 15 0 0 0 0 0 
0 0 0 0 0 0 0 0 0 0 0 0 0 0 11 0 0 11 5 8 0 0 0 0 0 0 0 0 0 0 0 0 5 0 0 9 0 0 17 13 27 30 34 0 26 38 25 7 12 17 8 15 16 0 14 15 0 0 0 0 0 
0 0 0 0 0 0 0 0 0 0 0 0 0 0 11 0 0 11 4 8 0 0 0 0 0 0 0 0 0 0 0 0 5 0 0 9 0 0 21 13 26 31 34 0 27 39 25 27 11 16 10 15 10 0 15 11 0 0 0 0 0 
0 0 0 0 0 0 0 0 0 0 0 0 0 0 11 0 0 11 4 8 0 0 0 0 0 0 0 0 0 0 0 0 5 0 0 9 0 0 21 13 26 31 34 0 27 39 25 27 11 16 10 15 10 0 15 11 0 0 0 0 0 
0 0 0 0 0 0 0 0 0 0 0 0 0 0 11 0 0 11 4 8 0 0 0 0 0 0 0 0 0 0 0 0 5 0 0 9 0 0 21 13 26 31 34 0 27 39 25 27 11 16 10 15 10 0 15 11 0 0 0 0 0 
0 0 0 0 0 0 0 0 0 0 0 0 0 0 11 0 0 9 4 8 0 0 0 0 0 0 0 0 0 0 0 0 5 0 0 9 0 0 19 15 27 8 15 0 25 38 24 25 11 17 10 15 15 0 13 11 0 0 0 0 0 
0 0 0 0 0 0 0 0 0 0 0 0 0 0 11 0 0 9 4 8 0 0 0 0 0 0 0 0 0 0 0 0 5 0 0 9 0 0 19 15 27 8 15 0 25 38 24 25 11 17 10 15 15 0 13 11 0 0 0 0 0 
0 0 0 0 0 0 0 0 0 0 0 0 0 0 11 0 0 9 4 8 0 0 0 0 0 0 0 0 0 0 0 0 5 0 0 9 0 0 19 15 27 8 15 0 25 38 24 25 11 17 10 15 15 0 13 11 0 0 0 0 0 
0 0 0 0 0 0 0 0 0 0 0 0 0 0 11 0 0 11 4 8 0 0 0 0 0 0 0 0 0 0 0 0 5 0 0 9 0 0 19 15 26 30 34 0 26 38 26 25 11 18 10 15 15 0 13 10 0 0 0 0 0 
0 0 0 0 0 0 0 0 0 0 0 0 0 0 11 0 0 11 4 8 0 0 0 0 0 0 0 0 0 0 0 0 5 0 0 9 0 0 19 15 26 30 34 0 26 38 26 25 11 18 10 15 15 0 13 10 0 0 0 0 0 
0 0 0 0 0 0 0 0 0 0 0 0 0 0 11 0 0 11 4 8 0 0 0 0 0 0 0 0 0 0 0 0 5 0 0 9 0 0 19 15 26 30 34 0 26 38 26 25 11 18 10 15 15 0 13 10 0 0 0 0 0 
0 0 0 0 0 0 0 0 0 0 0 0 0 0 11 0 0 11 4 8 0 0 0 0 0 0 0 0 0 0 0 0 5 0 0 9 0 0 18 15 26 29 11 0 26 38 25 26 11 18 9 15 15 0 8 10 0 0 0 0 0 
0 0 0 0 0 0 0 0 0 0 0 0 0 0 11 0 0 11 4 8 0 0 0 0 0 0 0 0 0 0 0 0 5 0 0 9 0 0 18 15 26 29 11 0 26 38 25 26 11 18 9 15 15 0 8 10 0 0 0 0 0 
0 0 0 0 0 0 0 0 0 0 0 0 0 0 11 0 0 11 4 8 0 0 0 0 0 0 0 0 0 0 0 0 5 0 0 9 0 0 18 15 26 29 11 0 26 38 25 26 11 18 9 15 15 0 8 10 0 0 0 0 0 
0 0 0 0 0 0 0 0 0 0 0 0 0 0 11 0 0 11 4 8 0 0 0 0 0 0 0 0 0 0 0 0 5 0 0 9 0 0 19 9 27 30 33 0 15 35 25 25 10 17 9 15 15 0 15 12 0 0 0 0 0 
0 0 0 0 0 0 0 0 0 0 0 0 0 0 11 0 0 11 4 8 0 0 0 0 0 0 0 0 0 0 0 0 5 0 0 9 0 0 19 9 27 30 33 0 15 35 25 25 10 17 9 15 15 0 15 12 0 0 0 0 0 
0 0 0 0 0 0 0 0 0 0 0 0 0 0 11 0 0 11 4 8 0 0 0 0 0 0 0 0 0 0 0 0 5 0 0 9 0 0 19 9 27 30 33 0 15 35 25 25 10 17 9 15 15 0 15 12 0 0 0 0 0 
0 0 0 0 0 0 0 0 0 0 0 0 0 0 11 0 0 11 4 8 0 0 0 0 0 0 0 0 0 0 0 0 5 0 0 9 0 0 18 16 29 30 35 0 24 40 24 23 11 17 9 15 16 0 15 12 0 0 0 0 0 
0 0 0 0 0 0 0 0 0 0 0 0 0 0 11 0 0 11 4 8 0 0 0 0 0 0 0 0 0 0 0 0 5 0 0 9 0 0 18 16 29 30 35 0 24 40 24 23 11 17 9 15 16 0 15 12 0 0 0 0 0 
0 0 0 0 0 0 0 0 0 0 0 0 0 0 11 0 0 11 4 8 0 0 0 0 0 0 0 0 0 0 0 0 5 0 0 9 0 0 18 16 29 30 35 0 24 40 24 23 11 17 9 15 16 0 15 12 0 0 0 0 0 
0 0 0 0 0 0 0 0 0 0 0 0 0 0 11 0 0 9 4 8 0 0 0 0 0 0 0 0 0 0 0 0 5 0 0 9 0 0 18 15 26 33 33 0 26 37 23 24 11 17 8 15 15 0 13 11 0 0 0 0 0 
0 0 0 0 0 0 0 0 0 0 0 0 0 0 11 0 0 9 4 8 0 0 0 0 0 0 0 0 0 0 0 0 5 0 0 9 0 0 18 15 26 33 33 0 26 37 23 24 11 17 8 15 15 0 13 11 0 0 0 0 0 
0 0 0 0 0 0 0 0 0 0 0 0 0 0 11 0 0 9 4 8 0 0 0 0 0 0 0 0 0 0 0 0 5 0 0 9 0 0 18 15 26 33 33 0 26 37 23 24 11 17 8 15 15 0 13 11 0 0 0 0 0 
0 0 0 0 0 0 0 0 0 0 0 0 0 0 9 0 0 12 4 8 0 0 0 0 0 0 0 0 0 0 0 0 5 0 0 9 0 0 18 14 26 30 27 0 26 35 24 25 11 8 10 12 15 0 12 11 0 0 0 0 0 
0 0 0 0 0 0 0 0 0 0 0 0 0 0 9 0 0 12 4 8 0 0 0 0 0 0 0 0 0 0 0 0 5 0 0 9 0 0 18 14 26 30 27 0 26 35 24 25 11 8 10 12 15 0 12 11 0 0 0 0 0 
0 0 0 0 0 0 0 0 0 0 0 0 0 0 9 0 0 12 4 8 0 0 0 0 0 0 0 0 0 0 0 0 5 0 0 9 0 0 18 14 26 30 27 0 26 35 24 25 11 8 10 12 15 0 12 11 0 0 0 0 0 
0 0 0 0 0 0 0 0 0 0 0 0 0 0 9 0 0 12 4 8 0 0 0 0 0 0 0 0 0 0 0 0 5 0 0 9 0 0 19 16 26 30 34 0 24 38 24 21 11 17 10 13 17 0 12 11 0 0 0 0 0 
0 0 0 0 0 0 0 0 0 0 0 0 0 0 9 0 0 12 4 8 0 0 0 0 0 0 0 0 0 0 0 0 5 0 0 9 0 0 19 16 26 30 34 0 24 38 24 21 11 17 10 13 17 0 12 11 0 0 0 0 0 
0 0 0 0 0 0 0 0 0 0 0 0 0 0 9 0 0 12 4 8 0 0 0 0 0 0 0 0 0 0 0 0 5 0 0 9 0 0 19 16 26 30 34 0 24 38 24 21 11 17 10 13 17 0 12 11 0 0 0 0 0 
0 0 0 0 0 0 0 0 0 0 0 0 0 0 9 0 0 11 4 6 0 0 0 0 0 0 0 0 0 0 0 0 5 0 0 9 0 0 18 16 9 30 33 0 26 35 24 28 11 16 11 13 17 0 12 13 0 0 0 0 0 
0 0 0 0 0 0 0 0 0 0 0 0 0 0 9 0 0 11 4 6 0 0 0 0 0 0 0 0 0 0 0 0 5 0 0 9 0 0 18 16 9 30 33 0 26 35 24 28 11 16 11 13 17 0 12 13 0 0 0 0 0 
0 0 0 0 0 0 0 0 0 0 0 0 0 0 9 0 0 11 4 6 0 0 0 0 0 0 0 0 0 0 0 0 5 0 0 9 0 0 18 16 9 30 33 0 26 35 24 28 11 16 11 13 17 0 12 13 0 0 0 0 0 
0 0 0 0 0 0 0 0 0 0 0 0 0 0 9 0 0 11 4 6 0 0 0 0 0 0 0 0 0 0 0 0 5 0 0 9 0 0 17 15 27 30 35 0 27 37 24 26 11 17 15 13 15 0 12 15 0 0 0 0 0 
0 0 0 0 0 0 0 0 0 0 0 0 0 0 9 0 0 11 4 6 0 0 0 0 0 0 0 0 0 0 0 0 5 0 0 9 0 0 17 15 27 30 35 0 27 37 24 26 11 17 15 13 15 0 12 15 0 0 0 0 0 
0 0 0 0 0 0 0 0 0 0 0 0 0 0 9 0 0 11 4 6 0 0 0 0 0 0 0 0 0 0 0 0 5 0 0 9 0 0 17 15 27 30 35 0 27 37 24 26 11 17 15 13 15 0 12 15 0 0 0 0 0 
0 0 0 0 0 0 0 0 0 0 0 0 0 0 9 0 0 11 4 10 0 0 0 0 0 0 0 0 0 0 0 0 5 0 0 9 0 0 17 16 27 29 32 0 27 38 25 27 11 15 15 13 9 0 13 12 0 0 0 0 0 
0 0 0 0 0 0 0 0 0 0 0 0 0 0 9 0 0 11 4 10 0 0 0 0 0 0 0 0 0 0 0 0 5 0 0 9 0 0 17 16 27 29 32 0 27 38 25 27 11 15 15 13 9 0 13 12 0 0 0 0 0 
0 0 0 0 0 0 0 0 0 0 0 0 0 0 9 0 0 11 4 10 0 0 0 0 0 0 0 0 0 0 0 0 5 0 0 9 0 0 17 16 27 29 32 0 27 38 25 27 11 15 15 13 9 0 13 12 0 0 0 0 0 
0 0 0 0 0 0 0 0 0 0 0 0 0 0 9 0 0 10 4 6 0 0 0 0 0 0 0 0 0 0 0 0 5 0 0 9 0 0 17 14 27 30 34 0 12 38 24 26 11 16 15 13 14 0 14 12 0 0 0 0 0 
0 0 0 0 0 0 0 0 0 0 0 0 0 0 9 0 0 10 4 6 0 0 0 0 0 0 0 0 0 0 0 0 5 0 0 9 0 0 17 14 27 30 34 0 12 38 24 26 11 16 15 13 14 0 14 12 0 0 0 0 0 
0 0 0 0 0 0 0 0 0 0 0 0 0 0 9 0 0 10 4 6 0 0 0 0 0 0 0 0 0 0 0 0 5 0 0 9 0 0 17 14 27 30 34 0 12 38 24 26 11 16 15 13 14 0 14 12 0 0 0 0 0 
