
0 0 0 0 0 0 0 0 0 0 0 0 0 0 0 0 6 0 0 0 0 0 0 0 0 0 0 0 0 0 0 0 0 0 0 0 0 0 0 0 14 21 0 0 28 0 31 29 27 41 19 24 15 0 0 0 0 0 0 0 0 
0 0 0 0 0 0 0 0 0 0 0 0 0 0 0 0 6 0 0 0 0 0 0 0 0 0 0 0 0 0 0 0 0 0 0 0 0 0 0 0 14 21 0 0 28 0 31 29 27 41 19 24 15 0 0 0 0 0 0 0 0 
0 0 0 0 0 0 0 0 0 0 0 0 0 0 0 0 6 0 0 0 0 0 0 0 0 0 0 0 0 0 0 0 0 0 0 0 0 0 0 0 14 21 0 0 28 0 31 29 27 41 19 24 15 0 0 0 0 0 0 0 0 
0 0 0 0 0 0 0 0 0 0 0 0 0 0 0 0 6 16 0 0 0 0 0 0 0 0 0 0 0 0 0 0 0 0 0 0 0 0 0 0 14 21 24 0 26 23 24 31 32 36 19 30 22 0 21 18 0 0 0 0 0 
0 0 0 0 0 0 0 0 0 0 0 0 0 0 0 0 6 16 0 0 0 0 0 0 0 0 0 0 0 0 0 0 0 0 0 0 0 0 0 0 14 21 24 0 26 23 24 31 32 36 19 30 22 0 21 18 0 0 0 0 0 
0 0 0 0 0 0 0 0 0 0 0 0 0 0 0 0 6 16 0 0 0 0 0 0 0 0 0 0 0 0 0 0 0 0 0 0 0 0 0 0 14 21 24 0 26 23 24 31 32 36 19 30 22 0 21 18 0 0 0 0 0 
0 0 0 0 0 0 0 0 0 0 0 0 0 0 0 0 6 14 11 0 0 0 0 0 0 0 0 0 0 0 0 0 0 0 0 0 0 0 0 0 15 21 10 0 26 24 32 31 33 12 21 31 22 0 21 16 0 0 0 0 0 
0 0 0 0 0 0 0 0 0 0 0 0 0 0 0 0 6 14 11 0 0 0 0 0 0 0 0 0 0 0 0 0 0 0 0 0 0 0 0 0 15 21 10 0 26 24 32 31 33 12 21 31 22 0 21 16 0 0 0 0 0 
0 0 0 0 0 0 0 0 0 0 0 0 0 0 0 0 6 14 11 0 0 0 0 0 0 0 0 0 0 0 0 0 0 0 0 0 0 0 0 0 15 21 10 0 26 24 32 31 33 12 21 31 22 0 21 16 0 0 0 0 0 
0 0 0 0 0 0 0 0 0 0 0 0 0 0 0 0 6 16 14 14 0 0 0 0 0 0 0 0 0 0 0 0 0 0 0 0 0 0 0 0 15 20 20 0 27 19 31 31 32 36 21 28 21 0 21 13 0 0 0 0 0 
0 0 0 0 0 0 0 0 0 0 0 0 0 0 0 0 6 16 14 14 0 0 0 0 0 0 0 0 0 0 0 0 0 0 0 0 0 0 0 0 15 20 20 0 27 19 31 31 32 36 21 28 21 0 21 13 0 0 0 0 0 
0 0 0 0 0 0 0 0 0 0 0 0 0 0 0 0 6 16 14 14 0 0 0 0 0 0 0 0 0 0 0 0 0 0 0 0 0 0 0 0 15 20 20 0 27 19 31 31 32 36 21 28 21 0 21 13 0 0 0 0 0 
0 0 0 0 0 0 0 0 0 0 0 0 0 0 0 0 6 15 14 14 0 0 0 0 0 0 0 0 0 0 0 0 0 0 0 0 0 0 0 0 16 20 24 0 9 29 31 31 32 35 5 29 20 0 19 13 0 0 0 0 0 
0 0 0 0 0 0 0 0 0 0 0 0 0 0 0 0 6 15 14 14 0 0 0 0 0 0 0 0 0 0 0 0 0 0 0 0 0 0 0 0 16 20 24 0 9 29 31 31 32 35 5 29 20 0 19 13 0 0 0 0 0 
0 0 0 0 0 0 0 0 0 0 0 0 0 0 0 0 6 15 14 14 0 0 0 0 0 0 0 0 0 0 0 0 0 0 0 0 0 0 0 0 16 20 24 0 9 29 31 31 32 35 5 29 20 0 19 13 0 0 0 0 0 
0 0 0 0 0 0 0 0 0 0 0 0 0 0 0 0 6 16 12 15 0 0 0 0 0 0 0 0 0 0 0 0 0 0 0 0 0 0 0 0 16 20 24 0 26 28 32 32 32 39 20 29 25 0 21 15 0 0 0 0 0 
0 0 0 0 0 0 0 0 0 0 0 0 0 0 0 0 6 16 12 15 0 0 0 0 0 0 0 0 0 0 0 0 0 0 0 0 0 0 0 0 16 20 24 0 26 28 32 32 32 39 20 29 25 0 21 15 0 0 0 0 0 
0 0 0 0 0 0 0 0 0 0 0 0 0 0 0 0 6 16 12 15 0 0 0 0 0 0 0 0 0 0 0 0 0 0 0 0 0 0 0 0 16 20 24 0 26 28 32 32 32 39 20 29 25 0 21 15 0 0 0 0 0 
0 0 0 0 0 0 0 0 0 0 0 0 0 0 0 0 6 16 13 14 0 0 0 0 0 0 0 0 0 0 0 0 0 0 0 0 0 0 0 9 16 19 21 0 25 27 31 36 34 35 21 30 21 0 18 16 0 0 0 0 0 
0 0 0 0 0 0 0 0 0 0 0 0 0 0 0 0 6 16 13 14 0 0 0 0 0 0 0 0 0 0 0 0 0 0 0 0 0 0 0 9 16 19 21 0 25 27 31 36 34 35 21 30 21 0 18 16 0 0 0 0 0 
0 0 0 0 0 0 0 0 0 0 0 0 0 0 0 0 6 16 13 14 0 0 0 0 0 0 0 0 0 0 0 0 0 0 0 0 0 0 0 9 16 19 21 0 25 27 31 36 34 35 21 30 21 0 18 16 0 0 0 0 0 
0 0 0 0 0 0 0 0 0 0 0 0 0 0 0 0 6 15 10 14 0 0 0 0 0 0 0 0 0 0 0 0 0 0 0 0 0 0 0 9 16 18 26 0 25 25 33 9 32 36 21 29 21 0 18 16 0 0 0 0 0 
0 0 0 0 0 0 0 0 0 0 0 0 0 0 0 0 6 15 10 14 0 0 0 0 0 0 0 0 0 0 0 0 0 0 0 0 0 0 0 9 16 18 26 0 25 25 33 9 32 36 21 29 21 0 18 16 0 0 0 0 0 
0 0 0 0 0 0 0 0 0 0 0 0 0 0 0 0 6 15 10 14 0 0 0 0 0 0 0 0 0 0 0 0 0 0 0 0 0 0 0 9 16 18 26 0 25 25 33 9 32 36 21 29 21 0 18 16 0 0 0 0 0 
0 0 0 0 0 0 0 0 0 0 0 0 0 0 0 0 6 16 10 14 0 0 0 0 0 0 0 0 0 0 0 0 0 0 0 0 0 0 0 9 16 19 20 0 28 28 30 31 33 36 20 20 20 0 21 16 0 0 0 0 0 
0 0 0 0 0 0 0 0 0 0 0 0 0 0 0 0 6 16 10 14 0 0 0 0 0 0 0 0 0 0 0 0 0 0 0 0 0 0 0 9 16 19 20 0 28 28 30 31 33 36 20 20 20 0 21 16 0 0 0 0 0 
0 0 0 0 0 0 0 0 0 0 0 0 0 0 0 0 6 16 10 14 0 0 0 0 0 0 0 0 0 0 0 0 0 0 0 0 0 0 0 9 16 19 20 0 28 28 30 31 33 36 20 20 20 0 21 16 0 0 0 0 0 
0 0 0 0 0 0 0 0 0 0 0 0 0 0 0 0 6 16 12 14 0 0 0 0 0 0 0 0 0 0 0 0 0 0 0 0 0 0 0 9 16 19 25 0 26 27 30 19 32 35 22 9 25 0 17 16 0 0 0 0 0 
0 0 0 0 0 0 0 0 0 0 0 0 0 0 0 0 6 16 12 14 0 0 0 0 0 0 0 0 0 0 0 0 0 0 0 0 0 0 0 9 16 19 25 0 26 27 30 19 32 35 22 9 25 0 17 16 0 0 0 0 0 
0 0 0 0 0 0 0 0 0 0 0 0 0 0 0 0 6 16 12 14 0 0 0 0 0 0 0 0 0 0 0 0 0 0 0 0 0 0 0 9 16 19 25 0 26 27 30 19 32 35 22 9 25 0 17 16 0 0 0 0 0 
0 0 0 0 0 0 0 0 0 0 0 0 0 0 0 0 6 15 12 14 0 0 0 0 0 0 0 0 0 0 0 0 0 0 0 0 0 0 0 9 15 20 27 0 26 27 31 32 31 36 21 20 25 0 17 18 0 0 0 0 0 
0 0 0 0 0 0 0 0 0 0 0 0 0 0 0 0 6 15 12 14 0 0 0 0 0 0 0 0 0 0 0 0 0 0 0 0 0 0 0 9 15 20 27 0 26 27 31 32 31 36 21 20 25 0 17 18 0 0 0 0 0 
0 0 0 0 0 0 0 0 0 0 0 0 0 0 0 0 6 15 12 14 0 0 0 0 0 0 0 0 0 0 0 0 0 0 0 0 0 0 0 9 15 20 27 0 26 27 31 32 31 36 21 20 25 0 17 18 0 0 0 0 0 
0 0 0 0 0 0 0 0 0 0 0 0 0 0 0 0 6 14 12 14 0 0 0 0 0 0 0 0 0 0 0 0 0 0 0 0 0 0 0 7 16 20 25 0 26 27 31 32 32 37 19 28 19 0 18 18 0 0 0 0 0 
0 0 0 0 0 0 0 0 0 0 0 0 0 0 0 0 6 14 12 14 0 0 0 0 0 0 0 0 0 0 0 0 0 0 0 0 0 0 0 7 16 20 25 0 26 27 31 32 32 37 19 28 19 0 18 18 0 0 0 0 0 
0 0 0 0 0 0 0 0 0 0 0 0 0 0 0 0 6 14 12 14 0 0 0 0 0 0 0 0 0 0 0 0 0 0 0 0 0 0 0 7 16 20 25 0 26 27 31 32 32 37 19 28 19 0 18 18 0 0 0 0 0 
0 0 0 0 0 0 0 0 0 0 0 0 0 0 0 0 6 14 11 14 0 0 0 0 0 0 0 0 0 0 0 0 0 0 0 0 0 0 0 7 16 19 26 0 19 14 31 29 31 35 19 28 20 0 18 17 0 0 0 0 0 
0 0 0 0 0 0 0 0 0 0 0 0 0 0 0 0 6 14 11 14 0 0 0 0 0 0 0 0 0 0 0 0 0 0 0 0 0 0 0 7 16 19 26 0 19 14 31 29 31 35 19 28 20 0 18 17 0 0 0 0 0 
0 0 0 0 0 0 0 0 0 0 0 0 0 0 0 0 6 14 11 14 0 0 0 0 0 0 0 0 0 0 0 0 0 0 0 0 0 0 0 7 16 19 26 0 19 14 31 29 31 35 19 28 20 0 18 17 0 0 0 0 0 
0 0 0 0 0 0 0 0 0 0 0 0 0 0 0 0 6 16 12 15 0 0 0 0 0 0 0 0 0 0 0 0 0 0 0 0 0 0 0 7 16 19 25 0 24 27 32 32 33 35 21 18 21 0 17 17 0 0 0 0 0 
0 0 0 0 0 0 0 0 0 0 0 0 0 0 0 0 6 16 12 15 0 0 0 0 0 0 0 0 0 0 0 0 0 0 0 0 0 0 0 7 16 19 25 0 24 27 32 32 33 35 21 18 21 0 17 17 0 0 0 0 0 
0 0 0 0 0 0 0 0 0 0 0 0 0 0 0 0 6 16 12 15 0 0 0 0 0 0 0 0 0 0 0 0 0 0 0 0 0 0 0 7 16 19 25 0 24 27 32 32 33 35 21 18 21 0 17 17 0 0 0 0 0 
0 0 0 0 0 0 0 0 0 0 0 0 0 0 0 0 6 16 10 15 0 0 0 0 0 0 0 0 0 0 0 0 0 0 0 0 0 0 0 7 16 19 19 0 20 26 31 31 33 38 20 29 21 0 20 20 0 0 0 0 0 
0 0 0 0 0 0 0 0 0 0 0 0 0 0 0 0 6 16 10 15 0 0 0 0 0 0 0 0 0 0 0 0 0 0 0 0 0 0 0 7 16 19 19 0 20 26 31 31 33 38 20 29 21 0 20 20 0 0 0 0 0 
0 0 0 0 0 0 0 0 0 0 0 0 0 0 0 0 6 16 10 15 0 0 0 0 0 0 0 0 0 0 0 0 0 0 0 0 0 0 0 7 16 19 19 0 20 26 31 31 33 38 20 29 21 0 20 20 0 0 0 0 0 
0 0 0 0 0 0 0 0 0 0 0 0 0 0 0 0 6 14 11 15 0 0 0 0 0 0 0 0 0 0 0 0 0 0 0 0 0 0 0 7 16 18 24 0 20 26 32 31 34 36 25 30 20 0 19 17 0 0 0 0 0 
0 0 0 0 0 0 0 0 0 0 0 0 0 0 0 0 6 14 11 15 0 0 0 0 0 0 0 0 0 0 0 0 0 0 0 0 0 0 0 7 16 18 24 0 20 26 32 31 34 36 25 30 20 0 19 17 0 0 0 0 0 
0 0 0 0 0 0 0 0 0 0 0 0 0 0 0 0 6 14 11 15 0 0 0 0 0 0 0 0 0 0 0 0 0 0 0 0 0 0 0 7 16 18 24 0 20 26 32 31 34 36 25 30 20 0 19 17 0 0 0 0 0 
0 0 0 0 0 0 0 0 0 0 0 0 0 0 8 0 6 15 10 15 0 0 0 0 0 0 0 0 0 0 0 0 0 0 0 0 0 0 0 7 16 20 25 0 25 26 33 33 33 36 21 23 21 0 19 17 0 0 0 0 0 
0 0 0 0 0 0 0 0 0 0 0 0 0 0 8 0 6 15 10 15 0 0 0 0 0 0 0 0 0 0 0 0 0 0 0 0 0 0 0 7 16 20 25 0 25 26 33 33 33 36 21 23 21 0 19 17 0 0 0 0 0 
0 0 0 0 0 0 0 0 0 0 0 0 0 0 8 0 6 15 10 15 0 0 0 0 0 0 0 0 0 0 0 0 0 0 0 0 0 0 0 7 16 20 25 0 25 26 33 33 33 36 21 23 21 0 19 17 0 0 0 0 0 
0 0 0 0 0 0 0 0 0 0 0 0 0 0 8 0 6 15 10 15 0 0 0 0 0 0 0 0 0 0 0 0 0 0 0 0 0 0 0 7 16 19 18 0 26 27 32 31 21 35 23 28 21 0 18 18 0 0 0 0 0 
0 0 0 0 0 0 0 0 0 0 0 0 0 0 8 0 6 15 10 15 0 0 0 0 0 0 0 0 0 0 0 0 0 0 0 0 0 0 0 7 16 19 18 0 26 27 32 31 21 35 23 28 21 0 18 18 0 0 0 0 0 
0 0 0 0 0 0 0 0 0 0 0 0 0 0 8 0 6 15 10 15 0 0 0 0 0 0 0 0 0 0 0 0 0 0 0 0 0 0 0 7 16 19 18 0 26 27 32 31 21 35 23 28 21 0 18 18 0 0 0 0 0 
0 0 0 0 0 0 0 0 0 0 0 0 0 0 8 0 6 15 10 15 0 0 0 0 0 0 0 0 0 0 0 0 0 0 0 0 0 0 0 7 16 19 20 0 25 27 32 30 33 36 22 29 20 0 18 18 0 0 0 0 0 
0 0 0 0 0 0 0 0 0 0 0 0 0 0 8 0 6 15 10 15 0 0 0 0 0 0 0 0 0 0 0 0 0 0 0 0 0 0 0 7 16 19 20 0 25 27 32 30 33 36 22 29 20 0 18 18 0 0 0 0 0 
0 0 0 0 0 0 0 0 0 0 0 0 0 0 8 0 6 15 10 15 0 0 0 0 0 0 0 0 0 0 0 0 0 0 0 0 0 0 0 7 16 19 20 0 25 27 32 30 33 36 22 29 20 0 18 18 0 0 0 0 0 
0 0 0 0 0 0 0 0 0 0 0 0 0 0 8 0 6 14 10 15 0 0 0 0 0 0 0 0 0 0 0 0 0 0 0 0 0 0 0 7 15 19 25 0 26 29 30 31 33 36 21 28 21 0 19 18 0 0 0 0 0 
0 0 0 0 0 0 0 0 0 0 0 0 0 0 8 0 6 14 10 15 0 0 0 0 0 0 0 0 0 0 0 0 0 0 0 0 0 0 0 7 15 19 25 0 26 29 30 31 33 36 21 28 21 0 19 18 0 0 0 0 0 
0 0 0 0 0 0 0 0 0 0 0 0 0 0 8 0 6 14 10 15 0 0 0 0 0 0 0 0 0 0 0 0 0 0 0 0 0 0 0 7 15 19 25 0 26 29 30 31 33 36 21 28 21 0 19 18 0 0 0 0 0 
0 0 0 0 0 0 0 0 0 0 0 0 0 0 8 0 6 14 11 15 0 0 0 0 0 0 0 0 0 0 0 0 0 0 0 0 0 0 0 7 15 20 23 0 25 26 32 8 32 36 24 29 19 0 18 18 0 0 0 0 0 
0 0 0 0 0 0 0 0 0 0 0 0 0 0 8 0 6 14 11 15 0 0 0 0 0 0 0 0 0 0 0 0 0 0 0 0 0 0 0 7 15 20 23 0 25 26 32 8 32 36 24 29 19 0 18 18 0 0 0 0 0 
0 0 0 0 0 0 0 0 0 0 0 0 0 0 8 0 6 14 11 15 0 0 0 0 0 0 0 0 0 0 0 0 0 0 0 0 0 0 0 7 15 20 23 0 25 26 32 8 32 36 24 29 19 0 18 18 0 0 0 0 0 
0 0 0 0 0 0 0 0 0 0 0 0 0 0 8 0 6 14 10 15 9 0 0 0 0 0 0 0 0 0 0 0 0 0 0 0 0 0 0 7 15 20 25 0 25 26 30 30 31 40 23 29 20 0 19 17 0 0 0 0 0 
0 0 0 0 0 0 0 0 0 0 0 0 0 0 8 0 6 14 10 15 9 0 0 0 0 0 0 0 0 0 0 0 0 0 0 0 0 0 0 7 15 20 25 0 25 26 30 30 31 40 23 29 20 0 19 17 0 0 0 0 0 
0 0 0 0 0 0 0 0 0 0 0 0 0 0 8 0 6 14 10 15 9 0 0 0 0 0 0 0 0 0 0 0 0 0 0 0 0 0 0 7 15 20 25 0 25 26 30 30 31 40 23 29 20 0 19 17 0 0 0 0 0 
0 0 0 0 0 0 0 0 0 0 0 0 0 0 7 0 6 14 10 15 9 0 0 0 0 0 0 0 0 0 0 0 0 0 0 0 0 0 0 7 16 21 25 0 26 25 30 31 31 35 21 29 20 0 18 17 0 0 0 0 0 
0 0 0 0 0 0 0 0 0 0 0 0 0 0 7 0 6 14 10 15 9 0 0 0 0 0 0 0 0 0 0 0 0 0 0 0 0 0 0 7 16 21 25 0 26 25 30 31 31 35 21 29 20 0 18 17 0 0 0 0 0 
0 0 0 0 0 0 0 0 0 0 0 0 0 0 7 0 6 14 10 15 9 0 0 0 0 0 0 0 0 0 0 0 0 0 0 0 0 0 0 7 16 21 25 0 26 25 30 31 31 35 21 29 20 0 18 17 0 0 0 0 0 
0 0 0 0 0 0 0 0 0 0 0 0 0 0 7 0 6 14 11 13 9 0 0 0 0 0 0 0 0 0 0 0 0 0 0 0 0 0 0 8 14 20 26 0 26 26 32 31 31 39 19 26 20 0 18 17 0 0 0 0 0 
0 0 0 0 0 0 0 0 0 0 0 0 0 0 7 0 6 14 11 13 9 0 0 0 0 0 0 0 0 0 0 0 0 0 0 0 0 0 0 8 14 20 26 0 26 26 32 31 31 39 19 26 20 0 18 17 0 0 0 0 0 
0 0 0 0 0 0 0 0 0 0 0 0 0 0 7 0 6 14 11 13 9 0 0 0 0 0 0 0 0 0 0 0 0 0 0 0 0 0 0 8 14 20 26 0 26 26 32 31 31 39 19 26 20 0 18 17 0 0 0 0 0 
0 0 0 0 0 0 0 0 0 0 0 0 0 0 7 0 6 14 11 14 9 0 0 0 0 0 0 0 0 0 0 0 0 0 0 0 0 0 0 8 14 20 24 0 18 25 32 30 32 19 20 29 20 0 18 18 0 0 0 0 0 
0 0 0 0 0 0 0 0 0 0 0 0 0 0 7 0 6 14 11 14 9 0 0 0 0 0 0 0 0 0 0 0 0 0 0 0 0 0 0 8 14 20 24 0 18 25 32 30 32 19 20 29 20 0 18 18 0 0 0 0 0 
0 0 0 0 0 0 0 0 0 0 0 0 0 0 7 0 6 14 11 14 9 0 0 0 0 0 0 0 0 0 0 0 0 0 0 0 0 0 0 8 14 20 24 0 18 25 32 30 32 19 20 29 20 0 18 18 0 0 0 0 0 
0 0 0 0 0 0 0 0 0 0 0 0 0 0 7 0 6 15 10 14 9 0 0 0 0 0 0 0 0 0 0 0 0 0 0 0 0 0 0 8 14 20 25 0 26 26 31 31 33 38 26 25 21 0 18 18 0 0 0 0 0 
0 0 0 0 0 0 0 0 0 0 0 0 0 0 7 0 6 15 10 14 9 0 0 0 0 0 0 0 0 0 0 0 0 0 0 0 0 0 0 8 14 20 25 0 26 26 31 31 33 38 26 25 21 0 18 18 0 0 0 0 0 
0 0 0 0 0 0 0 0 0 0 0 0 0 0 7 0 6 15 10 14 9 0 0 0 0 0 0 0 0 0 0 0 0 0 0 0 0 0 0 8 14 20 25 0 26 26 31 31 33 38 26 25 21 0 18 18 0 0 0 0 0 
0 0 0 0 0 0 0 0 0 0 0 0 0 0 7 0 6 15 10 14 9 0 0 0 0 0 0 0 0 0 0 0 0 0 0 0 0 0 0 8 14 20 25 0 26 27 31 31 32 38 21 28 20 0 18 18 0 0 0 0 0 
0 0 0 0 0 0 0 0 0 0 0 0 0 0 7 0 6 15 10 14 9 0 0 0 0 0 0 0 0 0 0 0 0 0 0 0 0 0 0 8 14 20 25 0 26 27 31 31 32 38 21 28 20 0 18 18 0 0 0 0 0 
0 0 0 0 0 0 0 0 0 0 0 0 0 0 7 0 6 15 10 14 9 0 0 0 0 0 0 0 0 0 0 0 0 0 0 0 0 0 0 8 14 20 25 0 26 27 31 31 32 38 21 28 20 0 18 18 0 0 0 0 0 
0 0 0 0 0 0 0 0 0 0 0 0 0 0 7 0 6 15 10 14 9 0 0 0 0 0 0 0 0 0 0 0 0 0 0 0 0 0 0 7 15 20 25 0 28 19 30 32 18 43 20 31 21 0 18 18 0 0 0 0 0 
0 0 0 0 0 0 0 0 0 0 0 0 0 0 7 0 6 15 10 14 9 0 0 0 0 0 0 0 0 0 0 0 0 0 0 0 0 0 0 7 15 20 25 0 28 19 30 32 18 43 20 31 21 0 18 18 0 0 0 0 0 
0 0 0 0 0 0 0 0 0 0 0 0 0 0 7 0 6 15 10 14 9 0 0 0 0 0 0 0 0 0 0 0 0 0 0 0 0 0 0 7 15 20 25 0 28 19 30 32 18 43 20 31 21 0 18 18 0 0 0 0 0 
0 0 0 0 0 0 0 0 0 0 0 0 0 0 7 0 6 15 10 15 9 0 0 0 0 0 0 0 0 0 0 0 0 0 0 0 0 0 0 7 15 19 24 0 26 26 33 30 32 35 24 24 21 0 18 17 0 0 0 0 0 
0 0 0 0 0 0 0 0 0 0 0 0 0 0 7 0 6 15 10 15 9 0 0 0 0 0 0 0 0 0 0 0 0 0 0 0 0 0 0 7 15 19 24 0 26 26 33 30 32 35 24 24 21 0 18 17 0 0 0 0 0 
0 0 0 0 0 0 0 0 0 0 0 0 0 0 7 0 6 15 10 15 9 0 0 0 0 0 0 0 0 0 0 0 0 0 0 0 0 0 0 7 15 19 24 0 26 26 33 30 32 35 24 24 21 0 18 17 0 0 0 0 0 
0 0 0 0 0 0 0 0 0 0 0 0 0 0 7 0 6 15 11 13 9 0 0 0 0 0 0 0 0 0 0 0 0 0 0 0 0 0 0 7 15 19 24 0 26 8 31 30 33 35 20 30 20 0 18 17 0 0 0 0 0 
0 0 0 0 0 0 0 0 0 0 0 0 0 0 7 0 6 15 11 13 9 0 0 0 0 0 0 0 0 0 0 0 0 0 0 0 0 0 0 7 15 19 24 0 26 8 31 30 33 35 20 30 20 0 18 17 0 0 0 0 0 
0 0 0 0 0 0 0 0 0 0 0 0 0 0 7 0 6 15 11 13 9 0 0 0 0 0 0 0 0 0 0 0 0 0 0 0 0 0 0 7 15 19 24 0 26 8 31 30 33 35 20 30 20 0 18 17 0 0 0 0 0 
0 0 0 0 0 0 0 0 0 0 0 0 0 0 7 0 6 15 11 13 9 0 0 0 0 0 0 0 0 0 0 0 0 0 0 0 0 0 0 7 15 20 26 0 26 27 28 34 25 35 20 29 20 0 19 17 0 0 0 0 0 
0 0 0 0 0 0 0 0 0 0 0 0 0 0 7 0 6 15 11 13 9 0 0 0 0 0 0 0 0 0 0 0 0 0 0 0 0 0 0 7 15 20 26 0 26 27 28 34 25 35 20 29 20 0 19 17 0 0 0 0 0 
0 0 0 0 0 0 0 0 0 0 0 0 0 0 7 0 6 15 11 13 9 0 0 0 0 0 0 0 0 0 0 0 0 0 0 0 0 0 0 7 15 20 26 0 26 27 28 34 25 35 20 29 20 0 19 17 0 0 0 0 0 
0 0 0 0 0 0 0 0 0 0 0 0 0 0 8 0 6 15 11 14 9 0 0 0 0 0 0 0 0 0 0 0 0 0 0 0 0 0 0 7 15 20 24 0 25 26 33 34 32 41 19 29 21 0 18 18 0 0 0 0 0 
0 0 0 0 0 0 0 0 0 0 0 0 0 0 8 0 6 15 11 14 9 0 0 0 0 0 0 0 0 0 0 0 0 0 0 0 0 0 0 7 15 20 24 0 25 26 33 34 32 41 19 29 21 0 18 18 0 0 0 0 0 
0 0 0 0 0 0 0 0 0 0 0 0 0 0 8 0 6 15 11 14 9 0 0 0 0 0 0 0 0 0 0 0 0 0 0 0 0 0 0 7 15 20 24 0 25 26 33 34 32 41 19 29 21 0 18 18 0 0 0 0 0 
0 0 0 0 0 0 0 0 0 0 0 0 0 0 8 0 6 15 11 12 9 0 0 0 0 0 0 0 0 0 0 0 0 0 0 0 0 0 0 7 15 18 24 0 27 28 33 33 33 40 24 17 22 0 18 16 0 0 0 0 0 
0 0 0 0 0 0 0 0 0 0 0 0 0 0 8 0 6 15 11 12 9 0 0 0 0 0 0 0 0 0 0 0 0 0 0 0 0 0 0 7 15 18 24 0 27 28 33 33 33 40 24 17 22 0 18 16 0 0 0 0 0 
0 0 0 0 0 0 0 0 0 0 0 0 0 0 8 0 6 15 11 12 9 0 0 0 0 0 0 0 0 0 0 0 0 0 0 0 0 0 0 7 15 18 24 0 27 28 33 33 33 40 24 17 22 0 18 16 0 0 0 0 0 
