
0 0 0 0 0 0 0 0 0 0 0 0 0 0 0 0 0 0 0 12 0 0 0 0 0 0 0 0 0 0 0 0 0 0 0 0 0 0 0 0 14 0 20 0 23 21 36 31 30 10 19 29 21 0 0 16 0 0 0 0 0 
0 0 0 0 0 0 0 0 0 0 0 0 0 0 0 0 0 0 0 12 0 0 0 0 0 0 0 0 0 0 0 0 0 0 0 0 0 0 0 0 14 0 20 0 23 21 36 31 30 10 19 29 21 0 0 16 0 0 0 0 0 
0 0 0 0 0 0 0 0 0 0 0 0 0 0 0 0 0 0 0 12 0 0 0 0 0 0 0 0 0 0 0 0 0 0 0 0 0 0 0 0 14 0 20 0 23 21 36 31 30 10 19 29 21 0 0 16 0 0 0 0 0 
0 0 0 0 0 0 0 0 0 0 0 0 0 0 19 0 0 0 0 11 0 0 0 0 0 0 0 0 0 0 0 0 0 0 0 0 0 0 0 10 18 20 15 0 20 14 35 32 30 26 9 30 16 0 12 16 0 0 0 0 0 
0 0 0 0 0 0 0 0 0 0 0 0 0 0 19 0 0 0 0 11 0 0 0 0 0 0 0 0 0 0 0 0 0 0 0 0 0 0 0 10 18 20 15 0 20 14 35 32 30 26 9 30 16 0 12 16 0 0 0 0 0 
0 0 0 0 0 0 0 0 0 0 0 0 0 0 19 0 0 0 0 11 0 0 0 0 0 0 0 0 0 0 0 0 0 0 0 0 0 0 0 10 18 20 15 0 20 14 35 32 30 26 9 30 16 0 12 16 0 0 0 0 0 
0 0 0 0 0 0 0 0 0 0 0 0 0 0 19 0 0 12 0 11 0 0 0 0 0 0 0 0 0 0 0 0 0 0 0 0 0 0 13 10 18 20 15 0 18 29 30 32 22 32 16 26 15 0 12 16 0 0 0 0 0 
0 0 0 0 0 0 0 0 0 0 0 0 0 0 19 0 0 12 0 11 0 0 0 0 0 0 0 0 0 0 0 0 0 0 0 0 0 0 13 10 18 20 15 0 18 29 30 32 22 32 16 26 15 0 12 16 0 0 0 0 0 
0 0 0 0 0 0 0 0 0 0 0 0 0 0 19 0 0 12 0 11 0 0 0 0 0 0 0 0 0 0 0 0 0 0 0 0 0 0 13 10 18 20 15 0 18 29 30 32 22 32 16 26 15 0 12 16 0 0 0 0 0 
0 0 0 0 0 0 0 0 0 0 0 0 0 0 15 0 0 12 0 12 15 0 0 0 0 0 0 0 0 0 0 0 0 0 0 0 0 0 13 10 15 22 15 0 18 27 23 29 19 30 15 27 15 12 13 16 0 0 0 0 0 
0 0 0 0 0 0 0 0 0 0 0 0 0 0 15 0 0 12 0 12 15 0 0 0 0 0 0 0 0 0 0 0 0 0 0 0 0 0 13 10 15 22 15 0 18 27 23 29 19 30 15 27 15 12 13 16 0 0 0 0 0 
0 0 0 0 0 0 0 0 0 0 0 0 0 0 15 0 0 12 0 12 15 0 0 0 0 0 0 0 0 0 0 0 0 0 0 0 0 0 13 10 15 22 15 0 18 27 23 29 19 30 15 27 15 12 13 16 0 0 0 0 0 
0 0 0 0 0 0 0 0 0 0 0 0 0 0 15 0 0 12 17 12 15 0 0 0 0 0 0 0 0 0 0 0 0 0 0 0 0 0 13 9 13 20 17 0 18 25 28 30 18 33 21 26 15 12 13 16 0 0 0 0 0 
0 0 0 0 0 0 0 0 0 0 0 0 0 0 15 0 0 12 17 12 15 0 0 0 0 0 0 0 0 0 0 0 0 0 0 0 0 0 13 9 13 20 17 0 18 25 28 30 18 33 21 26 15 12 13 16 0 0 0 0 0 
0 0 0 0 0 0 0 0 0 0 0 0 0 0 15 0 0 12 17 12 15 0 0 0 0 0 0 0 0 0 0 0 0 0 0 0 0 0 13 9 13 20 17 0 18 25 28 30 18 33 21 26 15 12 13 16 0 0 0 0 0 
0 0 0 0 0 0 0 0 0 0 0 0 0 0 20 0 0 14 17 12 15 0 0 0 0 0 0 0 0 0 0 0 0 0 0 0 0 0 13 9 16 20 17 0 18 27 29 30 19 31 21 27 15 12 13 16 0 0 0 0 0 
0 0 0 0 0 0 0 0 0 0 0 0 0 0 20 0 0 14 17 12 15 0 0 0 0 0 0 0 0 0 0 0 0 0 0 0 0 0 13 9 16 20 17 0 18 27 29 30 19 31 21 27 15 12 13 16 0 0 0 0 0 
0 0 0 0 0 0 0 0 0 0 0 0 0 0 20 0 0 14 17 12 15 0 0 0 0 0 0 0 0 0 0 0 0 0 0 0 0 0 13 9 16 20 17 0 18 27 29 30 19 31 21 27 15 12 13 16 0 0 0 0 0 
0 0 0 0 0 0 0 0 0 0 0 0 0 0 20 0 0 10 17 8 15 0 0 0 0 0 0 0 0 0 0 0 0 0 0 0 0 0 12 9 15 21 17 0 16 27 28 31 17 31 20 27 15 12 13 16 0 0 0 0 0 
0 0 0 0 0 0 0 0 0 0 0 0 0 0 20 0 0 10 17 8 15 0 0 0 0 0 0 0 0 0 0 0 0 0 0 0 0 0 12 9 15 21 17 0 16 27 28 31 17 31 20 27 15 12 13 16 0 0 0 0 0 
0 0 0 0 0 0 0 0 0 0 0 0 0 0 20 0 0 10 17 8 15 0 0 0 0 0 0 0 0 0 0 0 0 0 0 0 0 0 12 9 15 21 17 0 16 27 28 31 17 31 20 27 15 12 13 16 0 0 0 0 0 
0 0 0 0 0 0 0 0 0 0 0 0 0 0 15 0 11 10 17 8 15 0 0 0 0 0 0 0 0 0 0 0 0 0 0 0 0 0 12 9 15 21 13 0 20 29 27 32 17 28 19 26 15 12 12 14 0 0 0 0 0 
0 0 0 0 0 0 0 0 0 0 0 0 0 0 15 0 11 10 17 8 15 0 0 0 0 0 0 0 0 0 0 0 0 0 0 0 0 0 12 9 15 21 13 0 20 29 27 32 17 28 19 26 15 12 12 14 0 0 0 0 0 
0 0 0 0 0 0 0 0 0 0 0 0 0 0 15 0 11 10 17 8 15 0 0 0 0 0 0 0 0 0 0 0 0 0 0 0 0 0 12 9 15 21 13 0 20 29 27 32 17 28 19 26 15 12 12 14 0 0 0 0 0 
0 0 0 0 0 0 0 0 0 0 0 0 0 0 15 0 11 10 17 10 15 0 0 0 0 0 0 0 0 0 0 0 0 0 0 0 0 0 12 10 15 21 17 0 21 29 29 34 21 27 19 27 15 12 11 16 0 0 0 0 0 
0 0 0 0 0 0 0 0 0 0 0 0 0 0 15 0 11 10 17 10 15 0 0 0 0 0 0 0 0 0 0 0 0 0 0 0 0 0 12 10 15 21 17 0 21 29 29 34 21 27 19 27 15 12 11 16 0 0 0 0 0 
0 0 0 0 0 0 0 0 0 0 0 0 0 0 15 0 11 10 17 10 15 0 0 0 0 0 0 0 0 0 0 0 0 0 0 0 0 0 12 10 15 21 17 0 21 29 29 34 21 27 19 27 15 12 11 16 0 0 0 0 0 
0 0 0 0 0 0 0 0 0 0 0 0 0 0 14 0 11 10 17 11 17 0 0 0 0 0 0 0 0 0 0 0 0 0 0 0 0 0 12 8 15 20 16 0 18 26 29 30 19 26 17 26 15 12 11 15 0 0 0 0 0 
0 0 0 0 0 0 0 0 0 0 0 0 0 0 14 0 11 10 17 11 17 0 0 0 0 0 0 0 0 0 0 0 0 0 0 0 0 0 12 8 15 20 16 0 18 26 29 30 19 26 17 26 15 12 11 15 0 0 0 0 0 
0 0 0 0 0 0 0 0 0 0 0 0 0 0 14 0 11 10 17 11 17 0 0 0 0 0 0 0 0 0 0 0 0 0 0 0 0 0 12 8 15 20 16 0 18 26 29 30 19 26 17 26 15 12 11 15 0 0 0 0 0 
0 0 0 0 0 0 0 0 0 0 0 0 0 0 14 0 11 10 17 11 16 0 0 7 0 0 0 0 0 0 0 0 0 0 0 0 0 0 12 8 15 21 16 0 20 27 29 9 19 30 18 26 15 12 11 18 0 0 0 0 0 
0 0 0 0 0 0 0 0 0 0 0 0 0 0 14 0 11 10 17 11 16 0 0 7 0 0 0 0 0 0 0 0 0 0 0 0 0 0 12 8 15 21 16 0 20 27 29 9 19 30 18 26 15 12 11 18 0 0 0 0 0 
0 0 0 0 0 0 0 0 0 0 0 0 0 0 14 0 11 10 17 11 16 0 0 7 0 0 0 0 0 0 0 0 0 0 0 0 0 0 12 8 15 21 16 0 20 27 29 9 19 30 18 26 15 12 11 18 0 0 0 0 0 
0 0 0 0 0 0 0 0 0 0 0 0 0 0 14 0 11 11 12 11 16 0 0 7 0 0 0 0 0 0 0 0 0 0 0 0 0 0 12 8 15 19 20 0 20 16 30 16 19 31 18 27 15 12 11 18 0 0 0 0 0 
0 0 0 0 0 0 0 0 0 0 0 0 0 0 14 0 11 11 12 11 16 0 0 7 0 0 0 0 0 0 0 0 0 0 0 0 0 0 12 8 15 19 20 0 20 16 30 16 19 31 18 27 15 12 11 18 0 0 0 0 0 
0 0 0 0 0 0 0 0 0 0 0 0 0 0 14 0 11 11 12 11 16 0 0 7 0 0 0 0 0 0 0 0 0 0 0 0 0 0 12 8 15 19 20 0 20 16 30 16 19 31 18 27 15 12 11 18 0 0 0 0 0 
0 0 0 0 0 0 0 0 0 0 0 0 0 0 14 0 11 11 12 11 16 0 0 7 0 0 0 0 0 0 0 0 0 0 0 0 0 0 12 12 17 20 17 0 18 26 31 30 17 32 17 28 16 12 13 16 0 0 0 0 0 
0 0 0 0 0 0 0 0 0 0 0 0 0 0 14 0 11 11 12 11 16 0 0 7 0 0 0 0 0 0 0 0 0 0 0 0 0 0 12 12 17 20 17 0 18 26 31 30 17 32 17 28 16 12 13 16 0 0 0 0 0 
0 0 0 0 0 0 0 0 0 0 0 0 0 0 14 0 11 11 12 11 16 0 0 7 0 0 0 0 0 0 0 0 0 0 0 0 0 0 12 12 17 20 17 0 18 26 31 30 17 32 17 28 16 12 13 16 0 0 0 0 0 
0 0 0 0 0 0 0 0 0 0 0 0 0 0 14 0 11 13 12 11 16 0 0 7 0 0 0 0 0 0 0 0 0 0 0 0 0 0 12 9 17 20 17 0 18 28 30 30 23 33 15 15 16 12 13 15 0 0 0 0 0 
0 0 0 0 0 0 0 0 0 0 0 0 0 0 14 0 11 13 12 11 16 0 0 7 0 0 0 0 0 0 0 0 0 0 0 0 0 0 12 9 17 20 17 0 18 28 30 30 23 33 15 15 16 12 13 15 0 0 0 0 0 
0 0 0 0 0 0 0 0 0 0 0 0 0 0 14 0 11 13 12 11 16 0 0 7 0 0 0 0 0 0 0 0 0 0 0 0 0 0 12 9 17 20 17 0 18 28 30 30 23 33 15 15 16 12 13 15 0 0 0 0 0 
0 0 0 0 0 0 0 0 0 0 0 0 0 0 14 0 11 11 12 11 16 0 0 7 0 0 0 0 0 0 0 0 0 0 0 0 0 0 12 9 17 20 17 0 6 29 30 12 20 31 22 24 11 12 13 16 0 0 0 0 0 
0 0 0 0 0 0 0 0 0 0 0 0 0 0 14 0 11 11 12 11 16 0 0 7 0 0 0 0 0 0 0 0 0 0 0 0 0 0 12 9 17 20 17 0 6 29 30 12 20 31 22 24 11 12 13 16 0 0 0 0 0 
0 0 0 0 0 0 0 0 0 0 0 0 0 0 14 0 11 11 12 11 16 0 0 7 0 0 0 0 0 0 0 0 0 0 0 0 0 0 12 9 17 20 17 0 6 29 30 12 20 31 22 24 11 12 13 16 0 0 0 0 0 
0 0 0 0 0 0 0 0 0 0 0 0 0 0 14 0 11 14 12 11 15 0 0 7 0 0 0 0 0 0 0 0 0 0 0 9 0 0 13 9 17 20 21 0 18 12 31 30 20 30 22 31 15 9 13 14 0 0 0 0 0 
0 0 0 0 0 0 0 0 0 0 0 0 0 0 14 0 11 14 12 11 15 0 0 7 0 0 0 0 0 0 0 0 0 0 0 9 0 0 13 9 17 20 21 0 18 12 31 30 20 30 22 31 15 9 13 14 0 0 0 0 0 
0 0 0 0 0 0 0 0 0 0 0 0 0 0 14 0 11 14 12 11 15 0 0 7 0 0 0 0 0 0 0 0 0 0 0 9 0 0 13 9 17 20 21 0 18 12 31 30 20 30 22 31 15 9 13 14 0 0 0 0 0 
0 0 0 0 0 0 0 0 0 0 0 0 0 0 14 0 11 14 12 11 15 0 0 7 0 0 0 0 0 0 0 0 0 0 0 9 0 0 13 9 17 21 17 0 17 27 30 21 16 8 22 25 15 9 13 14 0 0 0 0 0 
0 0 0 0 0 0 0 0 0 0 0 0 0 0 14 0 11 14 12 11 15 0 0 7 0 0 0 0 0 0 0 0 0 0 0 9 0 0 13 9 17 21 17 0 17 27 30 21 16 8 22 25 15 9 13 14 0 0 0 0 0 
0 0 0 0 0 0 0 0 0 0 0 0 0 0 14 0 11 14 12 11 15 0 0 7 0 0 0 0 0 0 0 0 0 0 0 9 0 0 13 9 17 21 17 0 17 27 30 21 16 8 22 25 15 9 13 14 0 0 0 0 0 
0 0 0 0 0 0 0 0 0 0 0 0 0 0 14 0 11 11 12 11 15 0 0 7 0 0 0 0 0 0 0 0 0 0 0 9 0 0 13 11 17 17 16 0 14 28 22 29 28 15 14 22 15 9 13 14 0 0 0 0 0 
0 0 0 0 0 0 0 0 0 0 0 0 0 0 14 0 11 11 12 11 15 0 0 7 0 0 0 0 0 0 0 0 0 0 0 9 0 0 13 11 17 17 16 0 14 28 22 29 28 15 14 22 15 9 13 14 0 0 0 0 0 
0 0 0 0 0 0 0 0 0 0 0 0 0 0 14 0 11 11 12 11 15 0 0 7 0 0 0 0 0 0 0 0 0 0 0 9 0 0 13 11 17 17 16 0 14 28 22 29 28 15 14 22 15 9 13 14 0 0 0 0 0 
0 0 0 0 0 0 0 0 0 0 0 0 0 0 14 0 11 10 12 11 15 0 0 7 0 0 0 0 0 0 0 0 0 0 0 9 0 0 13 11 17 19 16 0 23 25 33 14 24 33 15 28 15 9 13 14 0 0 0 0 0 
0 0 0 0 0 0 0 0 0 0 0 0 0 0 14 0 11 10 12 11 15 0 0 7 0 0 0 0 0 0 0 0 0 0 0 9 0 0 13 11 17 19 16 0 23 25 33 14 24 33 15 28 15 9 13 14 0 0 0 0 0 
0 0 0 0 0 0 0 0 0 0 0 0 0 0 14 0 11 10 12 11 15 0 0 7 0 0 0 0 0 0 0 0 0 0 0 9 0 0 13 11 17 19 16 0 23 25 33 14 24 33 15 28 15 9 13 14 0 0 0 0 0 
0 0 0 0 0 0 0 0 0 0 0 0 0 0 14 0 11 10 10 11 15 0 0 7 0 0 0 0 0 0 0 0 0 0 0 9 0 0 13 11 17 20 24 0 23 28 30 30 21 35 15 27 15 9 8 18 0 0 0 0 0 
0 0 0 0 0 0 0 0 0 0 0 0 0 0 14 0 11 10 10 11 15 0 0 7 0 0 0 0 0 0 0 0 0 0 0 9 0 0 13 11 17 20 24 0 23 28 30 30 21 35 15 27 15 9 8 18 0 0 0 0 0 
0 0 0 0 0 0 0 0 0 0 0 0 0 0 14 0 11 10 10 11 15 0 0 7 0 0 0 0 0 0 0 0 0 0 0 9 0 0 13 11 17 20 24 0 23 28 30 30 21 35 15 27 15 9 8 18 0 0 0 0 0 
0 0 0 0 0 0 0 0 0 0 0 0 0 0 14 0 11 10 10 10 15 0 0 7 0 0 0 0 0 0 0 0 0 0 0 9 0 0 13 11 17 20 18 0 21 21 30 30 20 29 16 28 15 9 8 10 0 0 0 0 0 
0 0 0 0 0 0 0 0 0 0 0 0 0 0 14 0 11 10 10 10 15 0 0 7 0 0 0 0 0 0 0 0 0 0 0 9 0 0 13 11 17 20 18 0 21 21 30 30 20 29 16 28 15 9 8 10 0 0 0 0 0 
0 0 0 0 0 0 0 0 0 0 0 0 0 0 14 0 11 10 10 10 15 0 0 7 0 0 0 0 0 0 0 0 0 0 0 9 0 0 13 11 17 20 18 0 21 21 30 30 20 29 16 28 15 9 8 10 0 0 0 0 0 
0 0 0 0 0 0 0 0 0 0 0 0 0 0 14 0 11 11 10 12 15 0 0 7 0 0 0 0 0 0 0 0 0 0 0 9 0 0 13 11 17 20 18 0 9 21 29 29 19 30 19 29 15 9 8 10 0 0 0 0 0 
0 0 0 0 0 0 0 0 0 0 0 0 0 0 14 0 11 11 10 12 15 0 0 7 0 0 0 0 0 0 0 0 0 0 0 9 0 0 13 11 17 20 18 0 9 21 29 29 19 30 19 29 15 9 8 10 0 0 0 0 0 
0 0 0 0 0 0 0 0 0 0 0 0 0 0 14 0 11 11 10 12 15 0 0 7 0 0 0 0 0 0 0 0 0 0 0 9 0 0 13 11 17 20 18 0 9 21 29 29 19 30 19 29 15 9 8 10 0 0 0 0 0 
0 0 0 0 0 0 0 0 0 0 0 0 0 0 14 0 12 11 9 10 15 0 0 7 0 0 0 0 0 0 0 0 0 0 0 9 0 0 13 9 14 19 13 0 20 27 30 12 19 29 16 31 16 9 8 10 0 0 0 0 0 
0 0 0 0 0 0 0 0 0 0 0 0 0 0 14 0 12 11 9 10 15 0 0 7 0 0 0 0 0 0 0 0 0 0 0 9 0 0 13 9 14 19 13 0 20 27 30 12 19 29 16 31 16 9 8 10 0 0 0 0 0 
0 0 0 0 0 0 0 0 0 0 0 0 0 0 14 0 12 11 9 10 15 0 0 7 0 0 0 0 0 0 0 0 0 0 0 9 0 0 13 9 14 19 13 0 20 27 30 12 19 29 16 31 16 9 8 10 0 0 0 0 0 
0 0 0 0 0 0 0 0 0 0 0 0 0 0 14 0 12 11 9 10 15 0 0 7 0 0 0 0 0 0 0 0 0 0 0 9 0 0 13 9 15 20 21 0 20 27 29 31 8 28 18 28 16 9 10 17 0 0 0 0 0 
0 0 0 0 0 0 0 0 0 0 0 0 0 0 14 0 12 11 9 10 15 0 0 7 0 0 0 0 0 0 0 0 0 0 0 9 0 0 13 9 15 20 21 0 20 27 29 31 8 28 18 28 16 9 10 17 0 0 0 0 0 
0 0 0 0 0 0 0 0 0 0 0 0 0 0 14 0 12 11 9 10 15 0 0 7 0 0 0 0 0 0 0 0 0 0 0 9 0 0 13 9 15 20 21 0 20 27 29 31 8 28 18 28 16 9 10 17 0 0 0 0 0 
0 0 0 0 0 0 0 0 0 0 0 0 0 0 26 0 12 12 9 10 15 0 0 7 0 0 0 0 0 0 0 0 0 0 0 9 0 0 12 9 15 18 23 0 18 8 30 31 22 31 17 30 14 9 15 15 0 0 0 0 0 
0 0 0 0 0 0 0 0 0 0 0 0 0 0 26 0 12 12 9 10 15 0 0 7 0 0 0 0 0 0 0 0 0 0 0 9 0 0 12 9 15 18 23 0 18 8 30 31 22 31 17 30 14 9 15 15 0 0 0 0 0 
0 0 0 0 0 0 0 0 0 0 0 0 0 0 26 0 12 12 9 10 15 0 0 7 0 0 0 0 0 0 0 0 0 0 0 9 0 0 12 9 15 18 23 0 18 8 30 31 22 31 17 30 14 9 15 15 0 0 0 0 0 
0 0 0 0 0 0 0 0 0 0 0 0 0 0 26 0 12 12 9 10 16 0 0 7 0 0 0 0 0 0 0 0 0 0 0 9 0 0 13 10 15 18 23 0 18 26 30 29 19 30 17 28 14 9 15 16 0 0 0 0 0 
0 0 0 0 0 0 0 0 0 0 0 0 0 0 26 0 12 12 9 10 16 0 0 7 0 0 0 0 0 0 0 0 0 0 0 9 0 0 13 10 15 18 23 0 18 26 30 29 19 30 17 28 14 9 15 16 0 0 0 0 0 
0 0 0 0 0 0 0 0 0 0 0 0 0 0 26 0 12 12 9 10 16 0 0 7 0 0 0 0 0 0 0 0 0 0 0 9 0 0 13 10 15 18 23 0 18 26 30 29 19 30 17 28 14 9 15 16 0 0 0 0 0 
0 0 0 0 0 0 0 0 0 0 0 0 0 0 26 0 12 11 9 11 16 0 0 7 0 0 0 0 0 0 0 0 0 0 0 9 0 0 12 11 15 18 17 0 20 27 29 30 19 30 16 28 14 9 12 16 0 0 0 0 0 
0 0 0 0 0 0 0 0 0 0 0 0 0 0 26 0 12 11 9 11 16 0 0 7 0 0 0 0 0 0 0 0 0 0 0 9 0 0 12 11 15 18 17 0 20 27 29 30 19 30 16 28 14 9 12 16 0 0 0 0 0 
0 0 0 0 0 0 0 0 0 0 0 0 0 0 26 0 12 11 9 11 16 0 0 7 0 0 0 0 0 0 0 0 0 0 0 9 0 0 12 11 15 18 17 0 20 27 29 30 19 30 16 28 14 9 12 16 0 0 0 0 0 
0 0 0 0 0 0 0 0 0 0 0 0 0 0 17 0 12 11 13 11 15 0 0 7 0 0 0 0 0 0 0 0 0 0 0 9 0 0 13 9 15 19 19 0 20 20 29 31 18 31 18 29 14 9 12 15 0 0 0 0 0 
0 0 0 0 0 0 0 0 0 0 0 0 0 0 17 0 12 11 13 11 15 0 0 7 0 0 0 0 0 0 0 0 0 0 0 9 0 0 13 9 15 19 19 0 20 20 29 31 18 31 18 29 14 9 12 15 0 0 0 0 0 
0 0 0 0 0 0 0 0 0 0 0 0 0 0 17 0 12 11 13 11 15 0 0 7 0 0 0 0 0 0 0 0 0 0 0 9 0 0 13 9 15 19 19 0 20 20 29 31 18 31 18 29 14 9 12 15 0 0 0 0 0 
0 0 0 0 0 0 0 0 0 0 0 0 0 0 17 0 12 11 12 12 15 0 0 7 0 0 0 0 0 0 0 0 0 0 0 9 0 0 13 9 17 19 18 0 19 26 29 34 18 31 17 8 13 9 12 16 0 0 0 0 0 
0 0 0 0 0 0 0 0 0 0 0 0 0 0 17 0 12 11 12 12 15 0 0 7 0 0 0 0 0 0 0 0 0 0 0 9 0 0 13 9 17 19 18 0 19 26 29 34 18 31 17 8 13 9 12 16 0 0 0 0 0 
0 0 0 0 0 0 0 0 0 0 0 0 0 0 17 0 12 11 12 12 15 0 0 7 0 0 0 0 0 0 0 0 0 0 0 9 0 0 13 9 17 19 18 0 19 26 29 34 18 31 17 8 13 9 12 16 0 0 0 0 0 
0 0 0 0 0 0 0 0 0 0 0 0 0 0 17 0 12 12 12 11 15 0 0 7 0 0 0 0 0 0 0 0 0 0 0 9 0 0 13 9 17 19 18 0 19 26 29 31 21 32 17 27 13 9 13 15 0 0 0 0 0 
0 0 0 0 0 0 0 0 0 0 0 0 0 0 17 0 12 12 12 11 15 0 0 7 0 0 0 0 0 0 0 0 0 0 0 9 0 0 13 9 17 19 18 0 19 26 29 31 21 32 17 27 13 9 13 15 0 0 0 0 0 
0 0 0 0 0 0 0 0 0 0 0 0 0 0 17 0 12 12 12 11 15 0 0 7 0 0 0 0 0 0 0 0 0 0 0 9 0 0 13 9 17 19 18 0 19 26 29 31 21 32 17 27 13 9 13 15 0 0 0 0 0 
0 0 0 0 0 0 0 0 0 0 0 0 0 0 17 0 12 12 13 11 12 0 0 7 0 0 0 0 0 0 0 0 0 0 0 9 0 0 13 10 17 19 18 0 19 16 29 30 15 32 21 16 13 9 12 15 0 0 0 0 0 
0 0 0 0 0 0 0 0 0 0 0 0 0 0 17 0 12 12 13 11 12 0 0 7 0 0 0 0 0 0 0 0 0 0 0 9 0 0 13 10 17 19 18 0 19 16 29 30 15 32 21 16 13 9 12 15 0 0 0 0 0 
0 0 0 0 0 0 0 0 0 0 0 0 0 0 17 0 12 12 13 11 12 0 0 7 0 0 0 0 0 0 0 0 0 0 0 9 0 0 13 10 17 19 18 0 19 16 29 30 15 32 21 16 13 9 12 15 0 0 0 0 0 
0 0 0 0 0 0 0 0 0 0 0 0 0 0 16 0 12 8 12 12 14 0 0 7 0 0 0 0 0 0 0 0 0 0 0 9 0 0 13 10 17 19 17 0 10 26 29 30 17 31 20 29 16 9 11 15 0 0 0 0 0 
0 0 0 0 0 0 0 0 0 0 0 0 0 0 16 0 12 8 12 12 14 0 0 7 0 0 0 0 0 0 0 0 0 0 0 9 0 0 13 10 17 19 17 0 10 26 29 30 17 31 20 29 16 9 11 15 0 0 0 0 0 
0 0 0 0 0 0 0 0 0 0 0 0 0 0 16 0 12 8 12 12 14 0 0 7 0 0 0 0 0 0 0 0 0 0 0 9 0 0 13 10 17 19 17 0 10 26 29 30 17 31 20 29 16 9 11 15 0 0 0 0 0 
0 0 0 0 0 0 0 0 0 0 0 0 0 0 20 0 12 10 12 11 15 0 0 7 0 0 0 0 0 0 0 0 0 0 0 9 0 0 13 11 16 20 17 0 18 27 29 29 19 19 15 27 16 9 9 16 0 0 0 0 0 
0 0 0 0 0 0 0 0 0 0 0 0 0 0 20 0 12 10 12 11 15 0 0 7 0 0 0 0 0 0 0 0 0 0 0 9 0 0 13 11 16 20 17 0 18 27 29 29 19 19 15 27 16 9 9 16 0 0 0 0 0 
0 0 0 0 0 0 0 0 0 0 0 0 0 0 20 0 12 10 12 11 15 0 0 7 0 0 0 0 0 0 0 0 0 0 0 9 0 0 13 11 16 20 17 0 18 27 29 29 19 19 15 27 16 9 9 16 0 0 0 0 0 
