
0 0 0 0 0 0 0 0 0 0 0 0 0 0 0 0 0 15 10 17 0 0 0 0 0 0 0 0 0 0 0 0 0 0 0 0 0 0 0 11 21 10 18 0 30 32 33 24 23 25 19 23 8 0 16 0 0 0 0 0 0 
0 0 0 0 0 0 0 0 0 0 0 0 0 0 0 0 0 15 10 17 0 0 0 0 0 0 0 0 0 0 0 0 0 0 0 0 0 0 0 11 21 10 18 0 30 32 33 24 23 25 19 23 8 0 16 0 0 0 0 0 0 
0 0 0 0 0 0 0 0 0 0 0 0 0 0 0 0 0 15 10 17 0 0 0 0 0 0 0 0 0 0 0 0 0 0 0 0 0 0 0 11 21 10 18 0 30 32 33 24 23 25 19 23 8 0 16 0 0 0 0 0 0 
0 0 0 0 0 0 0 0 0 0 0 0 0 0 0 0 0 15 10 13 0 0 0 0 0 0 0 0 0 0 0 0 0 0 0 0 0 0 0 11 21 19 25 0 32 40 27 35 30 31 28 24 8 0 23 0 0 0 0 0 0 
0 0 0 0 0 0 0 0 0 0 0 0 0 0 0 0 0 15 10 13 0 0 0 0 0 0 0 0 0 0 0 0 0 0 0 0 0 0 0 11 21 19 25 0 32 40 27 35 30 31 28 24 8 0 23 0 0 0 0 0 0 
0 0 0 0 0 0 0 0 0 0 0 0 0 0 0 0 0 15 10 13 0 0 0 0 0 0 0 0 0 0 0 0 0 0 0 0 0 0 0 11 21 19 25 0 32 40 27 35 30 31 28 24 8 0 23 0 0 0 0 0 0 
0 0 0 0 0 0 0 0 0 0 0 0 0 0 17 0 7 15 10 13 12 0 0 0 0 0 0 0 0 0 0 0 0 0 0 0 0 0 0 11 21 15 26 0 21 36 27 35 29 30 12 18 17 0 21 12 0 0 0 0 0 
0 0 0 0 0 0 0 0 0 0 0 0 0 0 17 0 7 15 10 13 12 0 0 0 0 0 0 0 0 0 0 0 0 0 0 0 0 0 0 11 21 15 26 0 21 36 27 35 29 30 12 18 17 0 21 12 0 0 0 0 0 
0 0 0 0 0 0 0 0 0 0 0 0 0 0 17 0 7 15 10 13 12 0 0 0 0 0 0 0 0 0 0 0 0 0 0 0 0 0 0 11 21 15 26 0 21 36 27 35 29 30 12 18 17 0 21 12 0 0 0 0 0 
0 0 0 0 0 0 0 0 0 0 0 0 0 0 17 0 7 15 15 13 12 0 0 0 0 0 0 0 0 0 0 0 0 0 0 0 0 0 0 13 21 21 26 0 30 40 24 35 29 33 25 9 15 0 21 15 0 0 0 0 0 
0 0 0 0 0 0 0 0 0 0 0 0 0 0 17 0 7 15 15 13 12 0 0 0 0 0 0 0 0 0 0 0 0 0 0 0 0 0 0 13 21 21 26 0 30 40 24 35 29 33 25 9 15 0 21 15 0 0 0 0 0 
0 0 0 0 0 0 0 0 0 0 0 0 0 0 17 0 7 15 15 13 12 0 0 0 0 0 0 0 0 0 0 0 0 0 0 0 0 0 0 13 21 21 26 0 30 40 24 35 29 33 25 9 15 0 21 15 0 0 0 0 0 
0 0 0 0 0 0 0 0 0 0 0 0 0 0 17 0 7 10 13 14 12 0 0 0 0 0 0 0 0 0 0 0 0 0 0 0 0 0 0 13 11 21 12 0 31 35 24 35 30 14 26 23 14 0 22 11 0 0 0 0 0 
0 0 0 0 0 0 0 0 0 0 0 0 0 0 17 0 7 10 13 14 12 0 0 0 0 0 0 0 0 0 0 0 0 0 0 0 0 0 0 13 11 21 12 0 31 35 24 35 30 14 26 23 14 0 22 11 0 0 0 0 0 
0 0 0 0 0 0 0 0 0 0 0 0 0 0 17 0 7 10 13 14 12 0 0 0 0 0 0 0 0 0 0 0 0 0 0 0 0 0 0 13 11 21 12 0 31 35 24 35 30 14 26 23 14 0 22 11 0 0 0 0 0 
0 0 0 0 0 0 0 0 0 0 0 0 0 0 17 0 7 10 17 14 12 0 0 0 0 0 0 0 0 0 0 0 0 0 10 0 0 0 0 13 11 21 24 0 13 35 25 34 29 34 24 23 14 0 21 11 0 0 0 0 0 
0 0 0 0 0 0 0 0 0 0 0 0 0 0 17 0 7 10 17 14 12 0 0 0 0 0 0 0 0 0 0 0 0 0 10 0 0 0 0 13 11 21 24 0 13 35 25 34 29 34 24 23 14 0 21 11 0 0 0 0 0 
0 0 0 0 0 0 0 0 0 0 0 0 0 0 17 0 7 10 17 14 12 0 0 0 0 0 0 0 0 0 0 0 0 0 10 0 0 0 0 13 11 21 24 0 13 35 25 34 29 34 24 23 14 0 21 11 0 0 0 0 0 
0 0 0 0 0 0 0 0 0 0 0 0 0 0 17 0 7 10 14 14 12 0 0 0 0 0 0 0 0 0 0 0 0 0 10 0 0 0 0 13 11 21 14 0 31 36 24 13 30 31 27 23 14 0 20 12 0 0 0 0 0 
0 0 0 0 0 0 0 0 0 0 0 0 0 0 17 0 7 10 14 14 12 0 0 0 0 0 0 0 0 0 0 0 0 0 10 0 0 0 0 13 11 21 14 0 31 36 24 13 30 31 27 23 14 0 20 12 0 0 0 0 0 
0 0 0 0 0 0 0 0 0 0 0 0 0 0 17 0 7 10 14 14 12 0 0 0 0 0 0 0 0 0 0 0 0 0 10 0 0 0 0 13 11 21 14 0 31 36 24 13 30 31 27 23 14 0 20 12 0 0 0 0 0 
0 0 0 0 0 0 0 0 0 0 0 0 0 0 17 0 7 10 14 14 12 0 0 0 0 0 0 0 0 0 0 0 0 0 10 10 0 0 0 10 11 22 26 0 12 39 26 34 30 32 25 24 14 0 17 14 0 0 0 0 0 
0 0 0 0 0 0 0 0 0 0 0 0 0 0 17 0 7 10 14 14 12 0 0 0 0 0 0 0 0 0 0 0 0 0 10 10 0 0 0 10 11 22 26 0 12 39 26 34 30 32 25 24 14 0 17 14 0 0 0 0 0 
0 0 0 0 0 0 0 0 0 0 0 0 0 0 17 0 7 10 14 14 12 0 0 0 0 0 0 0 0 0 0 0 0 0 10 10 0 0 0 10 11 22 26 0 12 39 26 34 30 32 25 24 14 0 17 14 0 0 0 0 0 
0 0 0 0 0 0 0 0 0 0 0 0 0 0 17 0 7 9 7 14 12 0 0 0 0 0 0 0 0 0 0 0 0 0 10 10 0 0 0 10 11 23 25 0 32 35 14 34 28 32 24 14 15 0 15 12 0 0 0 0 0 
0 0 0 0 0 0 0 0 0 0 0 0 0 0 17 0 7 9 7 14 12 0 0 0 0 0 0 0 0 0 0 0 0 0 10 10 0 0 0 10 11 23 25 0 32 35 14 34 28 32 24 14 15 0 15 12 0 0 0 0 0 
0 0 0 0 0 0 0 0 0 0 0 0 0 0 17 0 7 9 7 14 12 0 0 0 0 0 0 0 0 0 0 0 0 0 10 10 0 0 0 10 11 23 25 0 32 35 14 34 28 32 24 14 15 0 15 12 0 0 0 0 0 
0 0 0 0 0 0 0 0 0 0 0 0 0 0 17 0 7 9 7 14 12 7 0 0 0 0 0 0 0 0 0 0 0 0 10 10 0 0 0 13 14 23 27 0 35 19 23 34 29 31 23 24 13 0 21 9 0 0 0 0 0 
0 0 0 0 0 0 0 0 0 0 0 0 0 0 17 0 7 9 7 14 12 7 0 0 0 0 0 0 0 0 0 0 0 0 10 10 0 0 0 13 14 23 27 0 35 19 23 34 29 31 23 24 13 0 21 9 0 0 0 0 0 
0 0 0 0 0 0 0 0 0 0 0 0 0 0 17 0 7 9 7 14 12 7 0 0 0 0 0 0 0 0 0 0 0 0 10 10 0 0 0 13 14 23 27 0 35 19 23 34 29 31 23 24 13 0 21 9 0 0 0 0 0 
0 0 0 0 0 0 0 0 0 0 0 0 0 0 16 0 7 9 7 14 12 8 0 0 0 0 0 0 0 0 0 0 0 0 10 12 0 0 0 13 13 13 24 0 31 16 24 35 29 31 24 24 13 0 22 15 0 0 0 0 0 
0 0 0 0 0 0 0 0 0 0 0 0 0 0 16 0 7 9 7 14 12 8 0 0 0 0 0 0 0 0 0 0 0 0 10 12 0 0 0 13 13 13 24 0 31 16 24 35 29 31 24 24 13 0 22 15 0 0 0 0 0 
0 0 0 0 0 0 0 0 0 0 0 0 0 0 16 0 7 9 7 14 12 8 0 0 0 0 0 0 0 0 0 0 0 0 10 12 0 0 0 13 13 13 24 0 31 16 24 35 29 31 24 24 13 0 22 15 0 0 0 0 0 
0 0 0 0 0 0 0 0 0 0 0 0 0 0 15 0 7 9 7 15 12 8 0 0 0 0 0 0 0 0 0 0 0 0 10 12 0 0 0 13 13 22 25 0 30 36 24 35 29 32 24 23 13 0 20 14 0 0 0 0 0 
0 0 0 0 0 0 0 0 0 0 0 0 0 0 15 0 7 9 7 15 12 8 0 0 0 0 0 0 0 0 0 0 0 0 10 12 0 0 0 13 13 22 25 0 30 36 24 35 29 32 24 23 13 0 20 14 0 0 0 0 0 
0 0 0 0 0 0 0 0 0 0 0 0 0 0 15 0 7 9 7 15 12 8 0 0 0 0 0 0 0 0 0 0 0 0 10 12 0 0 0 13 13 22 25 0 30 36 24 35 29 32 24 23 13 0 20 14 0 0 0 0 0 
0 0 0 0 0 0 0 0 0 0 0 0 0 0 15 0 7 9 7 15 12 8 0 0 0 0 0 0 0 0 0 0 0 0 10 12 0 0 0 13 10 20 28 0 30 22 24 35 29 31 24 26 12 0 21 11 0 0 0 0 0 
0 0 0 0 0 0 0 0 0 0 0 0 0 0 15 0 7 9 7 15 12 8 0 0 0 0 0 0 0 0 0 0 0 0 10 12 0 0 0 13 10 20 28 0 30 22 24 35 29 31 24 26 12 0 21 11 0 0 0 0 0 
0 0 0 0 0 0 0 0 0 0 0 0 0 0 15 0 7 9 7 15 12 8 0 0 0 0 0 0 0 0 0 0 0 0 10 12 0 0 0 13 10 20 28 0 30 22 24 35 29 31 24 26 12 0 21 11 0 0 0 0 0 
0 0 0 0 0 0 0 0 0 0 0 0 0 0 15 0 7 9 14 14 12 8 0 0 0 0 0 0 0 0 0 0 0 0 10 12 0 0 0 13 10 20 25 0 32 35 26 34 26 31 25 25 12 0 21 15 0 0 0 0 0 
0 0 0 0 0 0 0 0 0 0 0 0 0 0 15 0 7 9 14 14 12 8 0 0 0 0 0 0 0 0 0 0 0 0 10 12 0 0 0 13 10 20 25 0 32 35 26 34 26 31 25 25 12 0 21 15 0 0 0 0 0 
0 0 0 0 0 0 0 0 0 0 0 0 0 0 15 0 7 9 14 14 12 8 0 0 0 0 0 0 0 0 0 0 0 0 10 12 0 0 0 13 10 20 25 0 32 35 26 34 26 31 25 25 12 0 21 15 0 0 0 0 0 
0 0 0 0 0 0 0 0 0 0 0 0 0 0 15 0 7 8 14 13 12 8 0 0 0 0 0 0 0 0 0 0 0 0 10 12 0 0 0 12 10 15 26 0 27 37 26 35 28 31 25 15 12 0 21 15 0 0 0 0 0 
0 0 0 0 0 0 0 0 0 0 0 0 0 0 15 0 7 8 14 13 12 8 0 0 0 0 0 0 0 0 0 0 0 0 10 12 0 0 0 12 10 15 26 0 27 37 26 35 28 31 25 15 12 0 21 15 0 0 0 0 0 
0 0 0 0 0 0 0 0 0 0 0 0 0 0 15 0 7 8 14 13 12 8 0 0 0 0 0 0 0 0 0 0 0 0 10 12 0 0 0 12 10 15 26 0 27 37 26 35 28 31 25 15 12 0 21 15 0 0 0 0 0 
0 0 0 0 0 0 0 0 0 0 0 0 0 0 15 0 7 8 14 13 12 8 0 0 0 0 0 0 0 0 0 0 0 0 10 12 0 0 0 12 14 21 28 0 32 35 23 15 29 31 24 26 12 0 20 15 0 0 0 0 0 
0 0 0 0 0 0 0 0 0 0 0 0 0 0 15 0 7 8 14 13 12 8 0 0 0 0 0 0 0 0 0 0 0 0 10 12 0 0 0 12 14 21 28 0 32 35 23 15 29 31 24 26 12 0 20 15 0 0 0 0 0 
0 0 0 0 0 0 0 0 0 0 0 0 0 0 15 0 7 8 14 13 12 8 0 0 0 0 0 0 0 0 0 0 0 0 10 12 0 0 0 12 14 21 28 0 32 35 23 15 29 31 24 26 12 0 20 15 0 0 0 0 0 
0 0 0 0 0 0 0 0 0 0 0 0 0 0 15 0 7 9 14 15 12 7 0 0 0 0 0 0 0 0 0 0 0 0 10 10 0 0 0 12 14 20 28 0 31 20 24 35 29 32 24 24 14 8 21 15 0 0 0 0 0 
0 0 0 0 0 0 0 0 0 0 0 0 0 0 15 0 7 9 14 15 12 7 0 0 0 0 0 0 0 0 0 0 0 0 10 10 0 0 0 12 14 20 28 0 31 20 24 35 29 32 24 24 14 8 21 15 0 0 0 0 0 
0 0 0 0 0 0 0 0 0 0 0 0 0 0 15 0 7 9 14 15 12 7 0 0 0 0 0 0 0 0 0 0 0 0 10 10 0 0 0 12 14 20 28 0 31 20 24 35 29 32 24 24 14 8 21 15 0 0 0 0 0 
0 0 0 0 0 0 0 0 0 0 0 0 0 0 15 0 7 9 15 14 12 6 0 0 0 0 0 0 0 0 0 0 0 0 10 10 0 0 0 11 14 20 29 0 31 35 23 34 27 33 23 25 14 8 19 15 0 0 0 0 0 
0 0 0 0 0 0 0 0 0 0 0 0 0 0 15 0 7 9 15 14 12 6 0 0 0 0 0 0 0 0 0 0 0 0 10 10 0 0 0 11 14 20 29 0 31 35 23 34 27 33 23 25 14 8 19 15 0 0 0 0 0 
0 0 0 0 0 0 0 0 0 0 0 0 0 0 15 0 7 9 15 14 12 6 0 0 0 0 0 0 0 0 0 0 0 0 10 10 0 0 0 11 14 20 29 0 31 35 23 34 27 33 23 25 14 8 19 15 0 0 0 0 0 
0 0 0 0 0 0 0 0 0 0 0 0 0 0 15 0 7 9 15 14 12 6 0 0 0 0 0 0 0 0 0 0 0 0 10 10 0 0 0 11 14 21 25 0 30 35 26 38 29 36 10 23 14 8 19 14 0 0 0 0 0 
0 0 0 0 0 0 0 0 0 0 0 0 0 0 15 0 7 9 15 14 12 6 0 0 0 0 0 0 0 0 0 0 0 0 10 10 0 0 0 11 14 21 25 0 30 35 26 38 29 36 10 23 14 8 19 14 0 0 0 0 0 
0 0 0 0 0 0 0 0 0 0 0 0 0 0 15 0 7 9 15 14 12 6 0 0 0 0 0 0 0 0 0 0 0 0 10 10 0 0 0 11 14 21 25 0 30 35 26 38 29 36 10 23 14 8 19 14 0 0 0 0 0 
0 0 0 0 0 0 0 0 0 0 0 0 0 0 15 0 7 9 15 14 12 6 0 0 0 0 0 0 0 0 0 0 0 0 10 12 0 0 0 10 14 20 13 0 31 36 22 37 24 31 25 24 18 8 20 15 0 0 0 0 0 
0 0 0 0 0 0 0 0 0 0 0 0 0 0 15 0 7 9 15 14 12 6 0 0 0 0 0 0 0 0 0 0 0 0 10 12 0 0 0 10 14 20 13 0 31 36 22 37 24 31 25 24 18 8 20 15 0 0 0 0 0 
0 0 0 0 0 0 0 0 0 0 0 0 0 0 15 0 7 9 15 14 12 6 0 0 0 0 0 0 0 0 0 0 0 0 10 12 0 0 0 10 14 20 13 0 31 36 22 37 24 31 25 24 18 8 20 15 0 0 0 0 0 
0 0 0 0 0 0 0 0 0 0 0 0 0 0 15 0 7 9 13 14 12 8 0 0 0 0 0 0 0 0 0 0 0 0 10 12 0 0 0 10 14 19 27 0 31 36 22 37 28 31 24 23 18 7 22 15 0 0 0 0 0 
0 0 0 0 0 0 0 0 0 0 0 0 0 0 15 0 7 9 13 14 12 8 0 0 0 0 0 0 0 0 0 0 0 0 10 12 0 0 0 10 14 19 27 0 31 36 22 37 28 31 24 23 18 7 22 15 0 0 0 0 0 
0 0 0 0 0 0 0 0 0 0 0 0 0 0 15 0 7 9 13 14 12 8 0 0 0 0 0 0 0 0 0 0 0 0 10 12 0 0 0 10 14 19 27 0 31 36 22 37 28 31 24 23 18 7 22 15 0 0 0 0 0 
0 0 0 0 0 0 0 0 0 0 0 0 0 0 15 0 7 9 13 14 12 8 0 0 0 0 0 0 0 0 0 0 0 0 10 12 0 0 0 10 14 19 28 0 33 38 20 37 30 30 24 24 18 7 21 15 0 0 0 0 0 
0 0 0 0 0 0 0 0 0 0 0 0 0 0 15 0 7 9 13 14 12 8 0 0 0 0 0 0 0 0 0 0 0 0 10 12 0 0 0 10 14 19 28 0 33 38 20 37 30 30 24 24 18 7 21 15 0 0 0 0 0 
0 0 0 0 0 0 0 0 0 0 0 0 0 0 15 0 7 9 13 14 12 8 0 0 0 0 0 0 0 0 0 0 0 0 10 12 0 0 0 10 14 19 28 0 33 38 20 37 30 30 24 24 18 7 21 15 0 0 0 0 0 
0 0 0 0 0 0 0 0 0 0 0 0 0 0 13 0 7 13 15 14 13 8 0 0 0 0 0 0 0 0 0 0 0 0 10 12 0 0 0 13 14 18 27 0 34 35 22 34 31 31 24 24 12 7 21 15 0 0 0 0 0 
0 0 0 0 0 0 0 0 0 0 0 0 0 0 13 0 7 13 15 14 13 8 0 0 0 0 0 0 0 0 0 0 0 0 10 12 0 0 0 13 14 18 27 0 34 35 22 34 31 31 24 24 12 7 21 15 0 0 0 0 0 
0 0 0 0 0 0 0 0 0 0 0 0 0 0 13 0 7 13 15 14 13 8 0 0 0 0 0 0 0 0 0 0 0 0 10 12 0 0 0 13 14 18 27 0 34 35 22 34 31 31 24 24 12 7 21 15 0 0 0 0 0 
0 0 0 0 0 0 0 0 0 0 0 0 0 0 13 0 7 13 12 14 13 8 0 0 0 0 0 0 0 0 0 0 0 0 10 12 0 0 0 11 14 18 27 0 32 8 25 34 28 28 24 24 13 7 22 15 0 0 0 0 0 
0 0 0 0 0 0 0 0 0 0 0 0 0 0 13 0 7 13 12 14 13 8 0 0 0 0 0 0 0 0 0 0 0 0 10 12 0 0 0 11 14 18 27 0 32 8 25 34 28 28 24 24 13 7 22 15 0 0 0 0 0 
0 0 0 0 0 0 0 0 0 0 0 0 0 0 13 0 7 13 12 14 13 8 0 0 0 0 0 0 0 0 0 0 0 0 10 12 0 0 0 11 14 18 27 0 32 8 25 34 28 28 24 24 13 7 22 15 0 0 0 0 0 
0 0 0 0 0 0 0 0 0 0 0 0 0 0 13 0 9 9 14 14 14 8 0 0 0 0 0 0 0 0 0 0 0 0 10 12 0 0 0 12 14 20 25 0 31 35 26 34 10 30 18 24 13 7 22 15 0 0 0 0 0 
0 0 0 0 0 0 0 0 0 0 0 0 0 0 13 0 9 9 14 14 14 8 0 0 0 0 0 0 0 0 0 0 0 0 10 12 0 0 0 12 14 20 25 0 31 35 26 34 10 30 18 24 13 7 22 15 0 0 0 0 0 
0 0 0 0 0 0 0 0 0 0 0 0 0 0 13 0 9 9 14 14 14 8 0 0 0 0 0 0 0 0 0 0 0 0 10 12 0 0 0 12 14 20 25 0 31 35 26 34 10 30 18 24 13 7 22 15 0 0 0 0 0 
0 0 0 0 0 0 0 0 0 0 0 0 0 0 13 0 9 9 14 12 13 8 0 0 0 0 0 0 0 0 0 0 0 0 10 10 0 0 0 12 14 19 25 0 29 36 25 35 30 30 25 25 15 7 7 14 0 0 0 0 0 
0 0 0 0 0 0 0 0 0 0 0 0 0 0 13 0 9 9 14 12 13 8 0 0 0 0 0 0 0 0 0 0 0 0 10 10 0 0 0 12 14 19 25 0 29 36 25 35 30 30 25 25 15 7 7 14 0 0 0 0 0 
0 0 0 0 0 0 0 0 0 0 0 0 0 0 13 0 9 9 14 12 13 8 0 0 0 0 0 0 0 0 0 0 0 0 10 10 0 0 0 12 14 19 25 0 29 36 25 35 30 30 25 25 15 7 7 14 0 0 0 0 0 
0 0 0 0 0 0 0 0 0 0 0 0 0 0 15 0 9 9 14 14 13 8 0 0 0 0 0 0 0 0 0 0 0 0 10 10 0 0 0 11 14 20 26 0 16 35 26 35 7 30 24 23 15 7 20 16 0 0 0 0 0 
0 0 0 0 0 0 0 0 0 0 0 0 0 0 15 0 9 9 14 14 13 8 0 0 0 0 0 0 0 0 0 0 0 0 10 10 0 0 0 11 14 20 26 0 16 35 26 35 7 30 24 23 15 7 20 16 0 0 0 0 0 
0 0 0 0 0 0 0 0 0 0 0 0 0 0 15 0 9 9 14 14 13 8 0 0 0 0 0 0 0 0 0 0 0 0 10 10 0 0 0 11 14 20 26 0 16 35 26 35 7 30 24 23 15 7 20 16 0 0 0 0 0 
0 0 0 0 0 0 0 0 0 0 0 0 0 0 15 0 6 9 14 14 13 8 0 0 0 0 0 0 0 0 0 0 0 0 10 10 0 0 0 12 14 19 25 0 32 36 21 34 30 34 16 22 15 7 22 11 0 0 0 0 0 
0 0 0 0 0 0 0 0 0 0 0 0 0 0 15 0 6 9 14 14 13 8 0 0 0 0 0 0 0 0 0 0 0 0 10 10 0 0 0 12 14 19 25 0 32 36 21 34 30 34 16 22 15 7 22 11 0 0 0 0 0 
0 0 0 0 0 0 0 0 0 0 0 0 0 0 15 0 6 9 14 14 13 8 0 0 0 0 0 0 0 0 0 0 0 0 10 10 0 0 0 12 14 19 25 0 32 36 21 34 30 34 16 22 15 7 22 11 0 0 0 0 0 
0 0 0 0 0 0 0 0 0 0 0 0 0 0 15 0 6 9 14 14 13 8 0 0 0 0 0 0 0 0 0 0 0 0 10 12 0 0 0 12 14 19 26 0 32 35 20 38 27 32 25 26 15 5 19 14 0 0 0 0 0 
0 0 0 0 0 0 0 0 0 0 0 0 0 0 15 0 6 9 14 14 13 8 0 0 0 0 0 0 0 0 0 0 0 0 10 12 0 0 0 12 14 19 26 0 32 35 20 38 27 32 25 26 15 5 19 14 0 0 0 0 0 
0 0 0 0 0 0 0 0 0 0 0 0 0 0 15 0 6 9 14 14 13 8 0 0 0 0 0 0 0 0 0 0 0 0 10 12 0 0 0 12 14 19 26 0 32 35 20 38 27 32 25 26 15 5 19 14 0 0 0 0 0 
0 0 0 0 0 0 0 0 0 0 0 0 0 0 15 0 6 9 14 15 13 8 0 0 0 0 0 0 0 0 0 0 0 0 10 12 0 0 0 12 11 18 26 0 31 35 25 34 18 16 25 19 15 5 21 13 0 0 0 0 0 
0 0 0 0 0 0 0 0 0 0 0 0 0 0 15 0 6 9 14 15 13 8 0 0 0 0 0 0 0 0 0 0 0 0 10 12 0 0 0 12 11 18 26 0 31 35 25 34 18 16 25 19 15 5 21 13 0 0 0 0 0 
0 0 0 0 0 0 0 0 0 0 0 0 0 0 15 0 6 9 14 15 13 8 0 0 0 0 0 0 0 0 0 0 0 0 10 12 0 0 0 12 11 18 26 0 31 35 25 34 18 16 25 19 15 5 21 13 0 0 0 0 0 
0 0 0 0 0 0 0 0 0 0 0 0 0 0 15 0 6 9 14 15 13 8 0 0 0 0 0 0 0 0 0 0 0 0 10 12 0 0 0 12 11 18 26 0 32 35 25 35 28 32 26 23 17 5 20 13 0 0 0 0 0 
0 0 0 0 0 0 0 0 0 0 0 0 0 0 15 0 6 9 14 15 13 8 0 0 0 0 0 0 0 0 0 0 0 0 10 12 0 0 0 12 11 18 26 0 32 35 25 35 28 32 26 23 17 5 20 13 0 0 0 0 0 
0 0 0 0 0 0 0 0 0 0 0 0 0 0 15 0 6 9 14 15 13 8 0 0 0 0 0 0 0 0 0 0 0 0 10 12 0 0 0 12 11 18 26 0 32 35 25 35 28 32 26 23 17 5 20 13 0 0 0 0 0 
0 0 0 0 0 0 0 0 0 0 0 0 0 0 15 0 6 9 14 14 13 8 0 0 0 0 0 0 0 0 0 0 0 0 10 12 0 0 0 12 13 19 28 0 27 36 19 35 29 32 25 21 17 5 13 13 0 0 0 0 0 
0 0 0 0 0 0 0 0 0 0 0 0 0 0 15 0 6 9 14 14 13 8 0 0 0 0 0 0 0 0 0 0 0 0 10 12 0 0 0 12 13 19 28 0 27 36 19 35 29 32 25 21 17 5 13 13 0 0 0 0 0 
0 0 0 0 0 0 0 0 0 0 0 0 0 0 15 0 6 9 14 14 13 8 0 0 0 0 0 0 0 0 0 0 0 0 10 12 0 0 0 12 13 19 28 0 27 36 19 35 29 32 25 21 17 5 13 13 0 0 0 0 0 
0 0 0 0 0 0 0 0 0 0 0 0 0 0 15 0 6 9 13 14 13 8 0 0 0 0 0 0 0 0 0 0 0 0 10 12 0 0 0 12 13 19 28 0 33 35 17 38 29 33 24 22 17 5 20 12 0 0 0 0 0 
0 0 0 0 0 0 0 0 0 0 0 0 0 0 15 0 6 9 13 14 13 8 0 0 0 0 0 0 0 0 0 0 0 0 10 12 0 0 0 12 13 19 28 0 33 35 17 38 29 33 24 22 17 5 20 12 0 0 0 0 0 
0 0 0 0 0 0 0 0 0 0 0 0 0 0 15 0 6 9 13 14 13 8 0 0 0 0 0 0 0 0 0 0 0 0 10 12 0 0 0 12 13 19 28 0 33 35 17 38 29 33 24 22 17 5 20 12 0 0 0 0 0 
