
0 0 0 0 0 0 0 0 0 0 0 0 0 0 0 0 0 0 13 0 0 0 0 0 0 0 0 0 0 0 0 0 0 0 0 0 0 0 0 0 0 0 22 0 31 33 31 37 26 32 25 21 11 0 14 0 0 0 0 0 0 
0 0 0 0 0 0 0 0 0 0 0 0 0 0 0 0 0 0 13 0 0 0 0 0 0 0 0 0 0 0 0 0 0 0 0 0 0 0 0 0 0 0 22 0 31 33 31 37 26 32 25 21 11 0 14 0 0 0 0 0 0 
0 0 0 0 0 0 0 0 0 0 0 0 0 0 0 0 0 0 13 0 0 0 0 0 0 0 0 0 0 0 0 0 0 0 0 0 0 0 0 0 0 0 22 0 31 33 31 37 26 32 25 21 11 0 14 0 0 0 0 0 0 
0 0 0 0 0 0 0 0 0 0 0 0 0 0 21 0 0 18 12 0 0 0 0 0 0 0 0 0 0 0 0 0 0 0 0 0 0 0 0 0 13 0 25 0 25 33 23 30 31 29 21 21 15 0 18 8 0 0 0 0 0 
0 0 0 0 0 0 0 0 0 0 0 0 0 0 21 0 0 18 12 0 0 0 0 0 0 0 0 0 0 0 0 0 0 0 0 0 0 0 0 0 13 0 25 0 25 33 23 30 31 29 21 21 15 0 18 8 0 0 0 0 0 
0 0 0 0 0 0 0 0 0 0 0 0 0 0 21 0 0 18 12 0 0 0 0 0 0 0 0 0 0 0 0 0 0 0 0 0 0 0 0 0 13 0 25 0 25 33 23 30 31 29 21 21 15 0 18 8 0 0 0 0 0 
0 0 0 0 0 0 0 0 0 0 0 0 0 0 21 0 10 16 14 9 10 0 0 0 0 0 0 0 0 0 0 0 0 0 0 0 0 0 0 0 24 0 26 0 32 31 28 25 30 29 21 17 12 0 20 17 0 0 0 0 0 
0 0 0 0 0 0 0 0 0 0 0 0 0 0 21 0 10 16 14 9 10 0 0 0 0 0 0 0 0 0 0 0 0 0 0 0 0 0 0 0 24 0 26 0 32 31 28 25 30 29 21 17 12 0 20 17 0 0 0 0 0 
0 0 0 0 0 0 0 0 0 0 0 0 0 0 21 0 10 16 14 9 10 0 0 0 0 0 0 0 0 0 0 0 0 0 0 0 0 0 0 0 24 0 26 0 32 31 28 25 30 29 21 17 12 0 20 17 0 0 0 0 0 
0 0 0 0 0 0 0 0 0 0 0 0 0 0 21 0 12 16 13 11 10 0 0 0 0 0 0 0 0 0 0 0 0 0 0 0 0 0 7 0 25 24 25 0 33 32 30 26 25 28 20 27 14 0 16 17 0 0 0 0 0 
0 0 0 0 0 0 0 0 0 0 0 0 0 0 21 0 12 16 13 11 10 0 0 0 0 0 0 0 0 0 0 0 0 0 0 0 0 0 7 0 25 24 25 0 33 32 30 26 25 28 20 27 14 0 16 17 0 0 0 0 0 
0 0 0 0 0 0 0 0 0 0 0 0 0 0 21 0 12 16 13 11 10 0 0 0 0 0 0 0 0 0 0 0 0 0 0 0 0 0 7 0 25 24 25 0 33 32 30 26 25 28 20 27 14 0 16 17 0 0 0 0 0 
0 0 0 0 0 0 0 0 0 0 0 0 0 0 21 0 12 15 14 8 10 0 0 0 0 0 0 0 0 0 0 0 0 0 0 0 0 0 7 11 27 24 25 0 17 34 28 27 34 28 24 29 13 0 16 19 0 0 0 0 0 
0 0 0 0 0 0 0 0 0 0 0 0 0 0 21 0 12 15 14 8 10 0 0 0 0 0 0 0 0 0 0 0 0 0 0 0 0 0 7 11 27 24 25 0 17 34 28 27 34 28 24 29 13 0 16 19 0 0 0 0 0 
0 0 0 0 0 0 0 0 0 0 0 0 0 0 21 0 12 15 14 8 10 0 0 0 0 0 0 0 0 0 0 0 0 0 0 0 0 0 7 11 27 24 25 0 17 34 28 27 34 28 24 29 13 0 16 19 0 0 0 0 0 
0 0 0 0 0 0 0 0 0 0 0 0 0 0 21 0 10 17 13 8 10 0 0 0 0 0 0 0 0 0 0 0 0 0 0 0 0 0 7 10 24 25 25 0 36 8 29 25 29 27 22 26 13 0 16 19 0 0 0 0 0 
0 0 0 0 0 0 0 0 0 0 0 0 0 0 21 0 10 17 13 8 10 0 0 0 0 0 0 0 0 0 0 0 0 0 0 0 0 0 7 10 24 25 25 0 36 8 29 25 29 27 22 26 13 0 16 19 0 0 0 0 0 
0 0 0 0 0 0 0 0 0 0 0 0 0 0 21 0 10 17 13 8 10 0 0 0 0 0 0 0 0 0 0 0 0 0 0 0 0 0 7 10 24 25 25 0 36 8 29 25 29 27 22 26 13 0 16 19 0 0 0 0 0 
0 0 0 0 0 0 0 0 0 0 0 0 0 0 21 0 10 17 13 9 10 0 0 0 0 0 0 0 0 0 0 0 0 0 0 0 0 0 7 10 25 25 25 0 34 32 29 24 30 14 22 19 13 0 15 19 0 0 0 0 0 
0 0 0 0 0 0 0 0 0 0 0 0 0 0 21 0 10 17 13 9 10 0 0 0 0 0 0 0 0 0 0 0 0 0 0 0 0 0 7 10 25 25 25 0 34 32 29 24 30 14 22 19 13 0 15 19 0 0 0 0 0 
0 0 0 0 0 0 0 0 0 0 0 0 0 0 21 0 10 17 13 9 10 0 0 0 0 0 0 0 0 0 0 0 0 0 0 0 0 0 7 10 25 25 25 0 34 32 29 24 30 14 22 19 13 0 15 19 0 0 0 0 0 
0 0 0 0 0 0 0 0 0 0 0 0 0 0 21 0 12 16 15 9 10 0 0 0 0 0 0 0 0 0 0 0 0 0 0 0 0 0 7 10 24 24 25 0 34 30 26 25 29 27 28 19 13 0 16 19 0 0 0 0 0 
0 0 0 0 0 0 0 0 0 0 0 0 0 0 21 0 12 16 15 9 10 0 0 0 0 0 0 0 0 0 0 0 0 0 0 0 0 0 7 10 24 24 25 0 34 30 26 25 29 27 28 19 13 0 16 19 0 0 0 0 0 
0 0 0 0 0 0 0 0 0 0 0 0 0 0 21 0 12 16 15 9 10 0 0 0 0 0 0 0 0 0 0 0 0 0 0 0 0 0 7 10 24 24 25 0 34 30 26 25 29 27 28 19 13 0 16 19 0 0 0 0 0 
0 0 0 0 0 0 0 0 0 0 0 0 0 0 22 0 12 16 15 9 10 0 0 0 0 0 0 0 0 0 0 0 0 0 0 0 0 0 7 10 24 24 25 0 35 31 28 25 29 27 22 27 13 0 15 19 0 0 0 0 0 
0 0 0 0 0 0 0 0 0 0 0 0 0 0 22 0 12 16 15 9 10 0 0 0 0 0 0 0 0 0 0 0 0 0 0 0 0 0 7 10 24 24 25 0 35 31 28 25 29 27 22 27 13 0 15 19 0 0 0 0 0 
0 0 0 0 0 0 0 0 0 0 0 0 0 0 22 0 12 16 15 9 10 0 0 0 0 0 0 0 0 0 0 0 0 0 0 0 0 0 7 10 24 24 25 0 35 31 28 25 29 27 22 27 13 0 15 19 0 0 0 0 0 
0 0 0 0 0 0 0 0 0 0 0 0 0 0 22 0 12 16 15 11 10 8 0 0 0 0 0 0 0 0 0 0 0 0 0 0 0 0 7 10 21 25 25 0 35 29 27 25 30 26 24 27 13 0 15 18 0 0 0 0 0 
0 0 0 0 0 0 0 0 0 0 0 0 0 0 22 0 12 16 15 11 10 8 0 0 0 0 0 0 0 0 0 0 0 0 0 0 0 0 7 10 21 25 25 0 35 29 27 25 30 26 24 27 13 0 15 18 0 0 0 0 0 
0 0 0 0 0 0 0 0 0 0 0 0 0 0 22 0 12 16 15 11 10 8 0 0 0 0 0 0 0 0 0 0 0 0 0 0 0 0 7 10 21 25 25 0 35 29 27 25 30 26 24 27 13 0 15 18 0 0 0 0 0 
0 0 0 0 0 0 0 0 0 0 0 0 0 0 21 0 12 17 14 8 10 8 0 0 0 0 0 0 0 0 0 0 0 0 0 0 0 0 7 11 10 25 26 0 37 24 26 26 10 15 22 26 12 0 16 18 0 0 0 0 0 
0 0 0 0 0 0 0 0 0 0 0 0 0 0 21 0 12 17 14 8 10 8 0 0 0 0 0 0 0 0 0 0 0 0 0 0 0 0 7 11 10 25 26 0 37 24 26 26 10 15 22 26 12 0 16 18 0 0 0 0 0 
0 0 0 0 0 0 0 0 0 0 0 0 0 0 21 0 12 17 14 8 10 8 0 0 0 0 0 0 0 0 0 0 0 0 0 0 0 0 7 11 10 25 26 0 37 24 26 26 10 15 22 26 12 0 16 18 0 0 0 0 0 
0 0 0 0 0 0 0 0 0 0 0 0 0 0 20 0 12 16 13 11 10 8 0 0 0 0 0 0 0 0 0 0 0 0 0 0 0 0 7 11 24 25 25 0 34 31 27 26 28 26 9 31 12 0 17 19 0 0 0 0 0 
0 0 0 0 0 0 0 0 0 0 0 0 0 0 20 0 12 16 13 11 10 8 0 0 0 0 0 0 0 0 0 0 0 0 0 0 0 0 7 11 24 25 25 0 34 31 27 26 28 26 9 31 12 0 17 19 0 0 0 0 0 
0 0 0 0 0 0 0 0 0 0 0 0 0 0 20 0 12 16 13 11 10 8 0 0 0 0 0 0 0 0 0 0 0 0 0 0 0 0 7 11 24 25 25 0 34 31 27 26 28 26 9 31 12 0 17 19 0 0 0 0 0 
0 0 0 0 0 0 0 0 0 0 0 0 0 0 21 0 12 17 13 11 11 8 0 0 0 0 0 0 0 0 0 0 0 0 0 7 0 0 7 11 24 15 23 0 13 8 27 27 29 8 8 26 13 0 15 19 0 0 0 0 0 
0 0 0 0 0 0 0 0 0 0 0 0 0 0 21 0 12 17 13 11 11 8 0 0 0 0 0 0 0 0 0 0 0 0 0 7 0 0 7 11 24 15 23 0 13 8 27 27 29 8 8 26 13 0 15 19 0 0 0 0 0 
0 0 0 0 0 0 0 0 0 0 0 0 0 0 21 0 12 17 13 11 11 8 0 0 0 0 0 0 0 0 0 0 0 0 0 7 0 0 7 11 24 15 23 0 13 8 27 27 29 8 8 26 13 0 15 19 0 0 0 0 0 
0 0 0 0 0 0 0 0 0 0 0 0 0 0 20 0 12 17 13 11 11 8 0 0 0 0 0 0 0 0 0 0 0 0 0 7 0 0 7 11 22 25 25 0 33 29 27 24 29 28 21 30 13 0 15 19 0 0 0 0 0 
0 0 0 0 0 0 0 0 0 0 0 0 0 0 20 0 12 17 13 11 11 8 0 0 0 0 0 0 0 0 0 0 0 0 0 7 0 0 7 11 22 25 25 0 33 29 27 24 29 28 21 30 13 0 15 19 0 0 0 0 0 
0 0 0 0 0 0 0 0 0 0 0 0 0 0 20 0 12 17 13 11 11 8 0 0 0 0 0 0 0 0 0 0 0 0 0 7 0 0 7 11 22 25 25 0 33 29 27 24 29 28 21 30 13 0 15 19 0 0 0 0 0 
0 0 0 0 0 0 0 0 0 0 0 0 0 0 20 0 12 17 13 11 11 8 0 0 0 0 0 0 0 0 0 0 0 0 0 7 0 0 7 11 24 24 24 0 32 31 11 25 25 30 23 30 13 0 14 18 0 0 0 0 0 
0 0 0 0 0 0 0 0 0 0 0 0 0 0 20 0 12 17 13 11 11 8 0 0 0 0 0 0 0 0 0 0 0 0 0 7 0 0 7 11 24 24 24 0 32 31 11 25 25 30 23 30 13 0 14 18 0 0 0 0 0 
0 0 0 0 0 0 0 0 0 0 0 0 0 0 20 0 12 17 13 11 11 8 0 0 0 0 0 0 0 0 0 0 0 0 0 7 0 0 7 11 24 24 24 0 32 31 11 25 25 30 23 30 13 0 14 18 0 0 0 0 0 
0 0 0 0 0 0 0 0 0 0 0 0 0 0 22 0 12 17 14 11 11 8 0 0 0 0 0 0 0 0 0 0 0 0 0 7 0 0 7 11 26 23 23 0 32 30 29 27 30 28 24 23 15 0 15 18 0 0 0 0 0 
0 0 0 0 0 0 0 0 0 0 0 0 0 0 22 0 12 17 14 11 11 8 0 0 0 0 0 0 0 0 0 0 0 0 0 7 0 0 7 11 26 23 23 0 32 30 29 27 30 28 24 23 15 0 15 18 0 0 0 0 0 
0 0 0 0 0 0 0 0 0 0 0 0 0 0 22 0 12 17 14 11 11 8 0 0 0 0 0 0 0 0 0 0 0 0 0 7 0 0 7 11 26 23 23 0 32 30 29 27 30 28 24 23 15 0 15 18 0 0 0 0 0 
0 0 0 0 0 0 0 0 0 0 0 0 0 0 21 0 10 17 14 11 11 8 0 0 0 0 0 0 0 0 0 0 0 0 0 7 0 0 7 11 21 17 19 0 18 38 29 25 32 28 24 17 15 0 17 20 0 0 0 0 0 
0 0 0 0 0 0 0 0 0 0 0 0 0 0 21 0 10 17 14 11 11 8 0 0 0 0 0 0 0 0 0 0 0 0 0 7 0 0 7 11 21 17 19 0 18 38 29 25 32 28 24 17 15 0 17 20 0 0 0 0 0 
0 0 0 0 0 0 0 0 0 0 0 0 0 0 21 0 10 17 14 11 11 8 0 0 0 0 0 0 0 0 0 0 0 0 0 7 0 0 7 11 21 17 19 0 18 38 29 25 32 28 24 17 15 0 17 20 0 0 0 0 0 
0 0 0 0 0 0 0 0 0 0 0 0 0 0 21 0 10 16 15 11 11 8 0 0 0 0 0 0 0 0 0 0 0 0 0 7 0 0 7 11 21 17 25 0 36 29 28 25 31 31 23 29 13 0 10 18 0 0 0 0 0 
0 0 0 0 0 0 0 0 0 0 0 0 0 0 21 0 10 16 15 11 11 8 0 0 0 0 0 0 0 0 0 0 0 0 0 7 0 0 7 11 21 17 25 0 36 29 28 25 31 31 23 29 13 0 10 18 0 0 0 0 0 
0 0 0 0 0 0 0 0 0 0 0 0 0 0 21 0 10 16 15 11 11 8 0 0 0 0 0 0 0 0 0 0 0 0 0 7 0 0 7 11 21 17 25 0 36 29 28 25 31 31 23 29 13 0 10 18 0 0 0 0 0 
0 0 0 0 0 0 0 0 0 0 0 0 0 0 23 0 10 16 13 9 11 8 0 0 0 0 0 0 0 0 0 0 0 0 0 7 0 0 10 11 21 24 24 0 11 23 30 14 31 27 22 28 16 0 16 10 0 0 0 0 0 
0 0 0 0 0 0 0 0 0 0 0 0 0 0 23 0 10 16 13 9 11 8 0 0 0 0 0 0 0 0 0 0 0 0 0 7 0 0 10 11 21 24 24 0 11 23 30 14 31 27 22 28 16 0 16 10 0 0 0 0 0 
0 0 0 0 0 0 0 0 0 0 0 0 0 0 23 0 10 16 13 9 11 8 0 0 0 0 0 0 0 0 0 0 0 0 0 7 0 0 10 11 21 24 24 0 11 23 30 14 31 27 22 28 16 0 16 10 0 0 0 0 0 
0 0 0 0 0 0 0 0 0 0 0 0 0 0 23 0 10 16 13 9 11 8 0 0 0 0 0 0 0 0 0 0 0 0 0 7 0 0 10 9 21 24 25 0 30 32 28 26 25 11 23 29 13 0 16 9 0 0 0 0 0 
0 0 0 0 0 0 0 0 0 0 0 0 0 0 23 0 10 16 13 9 11 8 0 0 0 0 0 0 0 0 0 0 0 0 0 7 0 0 10 9 21 24 25 0 30 32 28 26 25 11 23 29 13 0 16 9 0 0 0 0 0 
0 0 0 0 0 0 0 0 0 0 0 0 0 0 23 0 10 16 13 9 11 8 0 0 0 0 0 0 0 0 0 0 0 0 0 7 0 0 10 9 21 24 25 0 30 32 28 26 25 11 23 29 13 0 16 9 0 0 0 0 0 
0 0 0 0 0 0 0 0 0 0 0 0 0 0 22 0 10 16 15 12 11 8 0 0 0 0 0 0 0 0 0 0 0 0 0 7 0 0 10 9 26 24 22 0 35 29 27 22 12 17 22 28 13 0 18 19 0 0 0 0 0 
0 0 0 0 0 0 0 0 0 0 0 0 0 0 22 0 10 16 15 12 11 8 0 0 0 0 0 0 0 0 0 0 0 0 0 7 0 0 10 9 26 24 22 0 35 29 27 22 12 17 22 28 13 0 18 19 0 0 0 0 0 
0 0 0 0 0 0 0 0 0 0 0 0 0 0 22 0 10 16 15 12 11 8 0 0 0 0 0 0 0 0 0 0 0 0 0 7 0 0 10 9 26 24 22 0 35 29 27 22 12 17 22 28 13 0 18 19 0 0 0 0 0 
0 0 0 0 0 0 0 0 0 0 0 0 0 0 22 0 10 16 15 12 11 8 0 0 0 0 0 0 0 0 0 0 0 0 6 9 0 0 10 11 24 16 22 0 21 22 28 26 19 16 21 27 15 0 17 5 0 0 0 0 0 
0 0 0 0 0 0 0 0 0 0 0 0 0 0 22 0 10 16 15 12 11 8 0 0 0 0 0 0 0 0 0 0 0 0 6 9 0 0 10 11 24 16 22 0 21 22 28 26 19 16 21 27 15 0 17 5 0 0 0 0 0 
0 0 0 0 0 0 0 0 0 0 0 0 0 0 22 0 10 16 15 12 11 8 0 0 0 0 0 0 0 0 0 0 0 0 6 9 0 0 10 11 24 16 22 0 21 22 28 26 19 16 21 27 15 0 17 5 0 0 0 0 0 
0 0 0 0 0 0 0 0 0 0 0 0 0 0 22 0 10 16 15 12 11 8 0 0 0 0 0 0 0 0 0 0 0 0 6 9 0 0 10 11 17 25 8 0 33 35 15 26 31 30 22 30 15 0 14 22 0 0 0 0 0 
0 0 0 0 0 0 0 0 0 0 0 0 0 0 22 0 10 16 15 12 11 8 0 0 0 0 0 0 0 0 0 0 0 0 6 9 0 0 10 11 17 25 8 0 33 35 15 26 31 30 22 30 15 0 14 22 0 0 0 0 0 
0 0 0 0 0 0 0 0 0 0 0 0 0 0 22 0 10 16 15 12 11 8 0 0 0 0 0 0 0 0 0 0 0 0 6 9 0 0 10 11 17 25 8 0 33 35 15 26 31 30 22 30 15 0 14 22 0 0 0 0 0 
0 0 0 0 0 0 0 0 0 0 0 0 0 0 22 0 10 16 14 14 11 8 0 0 0 0 0 0 0 0 0 0 0 0 6 9 0 0 10 11 26 23 8 0 35 33 30 27 31 29 22 28 12 0 14 19 0 0 0 0 0 
0 0 0 0 0 0 0 0 0 0 0 0 0 0 22 0 10 16 14 14 11 8 0 0 0 0 0 0 0 0 0 0 0 0 6 9 0 0 10 11 26 23 8 0 35 33 30 27 31 29 22 28 12 0 14 19 0 0 0 0 0 
0 0 0 0 0 0 0 0 0 0 0 0 0 0 22 0 10 16 14 14 11 8 0 0 0 0 0 0 0 0 0 0 0 0 6 9 0 0 10 11 26 23 8 0 35 33 30 27 31 29 22 28 12 0 14 19 0 0 0 0 0 
0 0 0 0 0 0 0 0 0 0 0 0 0 0 22 0 10 16 13 9 11 8 0 0 0 0 0 0 0 0 0 0 0 0 6 9 0 0 10 11 24 11 23 0 36 33 11 26 31 32 23 31 12 0 18 19 0 0 0 0 0 
0 0 0 0 0 0 0 0 0 0 0 0 0 0 22 0 10 16 13 9 11 8 0 0 0 0 0 0 0 0 0 0 0 0 6 9 0 0 10 11 24 11 23 0 36 33 11 26 31 32 23 31 12 0 18 19 0 0 0 0 0 
0 0 0 0 0 0 0 0 0 0 0 0 0 0 22 0 10 16 13 9 11 8 0 0 0 0 0 0 0 0 0 0 0 0 6 9 0 0 10 11 24 11 23 0 36 33 11 26 31 32 23 31 12 0 18 19 0 0 0 0 0 
0 0 0 0 0 0 0 0 0 0 0 0 0 0 20 0 10 16 12 9 11 8 0 0 0 0 0 0 0 0 0 0 0 0 6 9 0 0 10 8 9 23 26 0 33 33 27 28 33 31 22 25 12 0 15 19 0 0 0 0 0 
0 0 0 0 0 0 0 0 0 0 0 0 0 0 20 0 10 16 12 9 11 8 0 0 0 0 0 0 0 0 0 0 0 0 6 9 0 0 10 8 9 23 26 0 33 33 27 28 33 31 22 25 12 0 15 19 0 0 0 0 0 
0 0 0 0 0 0 0 0 0 0 0 0 0 0 20 0 10 16 12 9 11 8 0 0 0 0 0 0 0 0 0 0 0 0 6 9 0 0 10 8 9 23 26 0 33 33 27 28 33 31 22 25 12 0 15 19 0 0 0 0 0 
0 0 0 0 0 0 0 0 0 0 0 0 0 0 20 0 10 16 15 12 11 8 0 0 0 0 0 0 0 0 0 0 0 0 11 9 0 0 10 10 26 23 24 0 35 31 30 20 33 30 24 26 15 0 13 19 0 0 0 0 0 
0 0 0 0 0 0 0 0 0 0 0 0 0 0 20 0 10 16 15 12 11 8 0 0 0 0 0 0 0 0 0 0 0 0 11 9 0 0 10 10 26 23 24 0 35 31 30 20 33 30 24 26 15 0 13 19 0 0 0 0 0 
0 0 0 0 0 0 0 0 0 0 0 0 0 0 20 0 10 16 15 12 11 8 0 0 0 0 0 0 0 0 0 0 0 0 11 9 0 0 10 10 26 23 24 0 35 31 30 20 33 30 24 26 15 0 13 19 0 0 0 0 0 
0 0 0 0 0 0 0 0 0 0 0 0 0 0 20 0 10 16 15 12 11 8 0 0 0 0 0 0 0 0 0 0 0 0 11 9 0 0 10 10 24 24 27 0 18 32 27 26 31 31 25 27 13 0 13 18 0 0 0 0 0 
0 0 0 0 0 0 0 0 0 0 0 0 0 0 20 0 10 16 15 12 11 8 0 0 0 0 0 0 0 0 0 0 0 0 11 9 0 0 10 10 24 24 27 0 18 32 27 26 31 31 25 27 13 0 13 18 0 0 0 0 0 
0 0 0 0 0 0 0 0 0 0 0 0 0 0 20 0 10 16 15 12 11 8 0 0 0 0 0 0 0 0 0 0 0 0 11 9 0 0 10 10 24 24 27 0 18 32 27 26 31 31 25 27 13 0 13 18 0 0 0 0 0 
0 0 0 0 0 0 0 0 0 0 0 0 0 0 20 0 10 17 15 12 11 8 0 0 0 0 0 0 0 0 0 0 0 0 11 9 0 0 10 10 17 20 25 0 34 35 27 26 30 32 24 26 13 0 13 17 0 0 0 0 0 
0 0 0 0 0 0 0 0 0 0 0 0 0 0 20 0 10 17 15 12 11 8 0 0 0 0 0 0 0 0 0 0 0 0 11 9 0 0 10 10 17 20 25 0 34 35 27 26 30 32 24 26 13 0 13 17 0 0 0 0 0 
0 0 0 0 0 0 0 0 0 0 0 0 0 0 20 0 10 17 15 12 11 8 0 0 0 0 0 0 0 0 0 0 0 0 11 9 0 0 10 10 17 20 25 0 34 35 27 26 30 32 24 26 13 0 13 17 0 0 0 0 0 
0 0 0 0 0 0 0 0 0 0 0 0 0 0 19 0 10 17 12 11 11 8 0 0 0 0 0 0 0 0 0 0 0 0 11 9 0 0 10 10 24 27 25 0 35 36 27 25 15 32 24 22 17 0 13 19 0 0 0 0 0 
0 0 0 0 0 0 0 0 0 0 0 0 0 0 19 0 10 17 12 11 11 8 0 0 0 0 0 0 0 0 0 0 0 0 11 9 0 0 10 10 24 27 25 0 35 36 27 25 15 32 24 22 17 0 13 19 0 0 0 0 0 
0 0 0 0 0 0 0 0 0 0 0 0 0 0 19 0 10 17 12 11 11 8 0 0 0 0 0 0 0 0 0 0 0 0 11 9 0 0 10 10 24 27 25 0 35 36 27 25 15 32 24 22 17 0 13 19 0 0 0 0 0 
0 0 0 0 0 0 0 0 0 0 0 0 0 0 22 0 10 17 14 11 11 8 0 0 0 0 0 0 0 0 0 0 0 0 11 9 0 0 10 10 26 23 24 0 37 30 28 25 28 32 23 26 16 0 13 18 0 0 0 0 0 
0 0 0 0 0 0 0 0 0 0 0 0 0 0 22 0 10 17 14 11 11 8 0 0 0 0 0 0 0 0 0 0 0 0 11 9 0 0 10 10 26 23 24 0 37 30 28 25 28 32 23 26 16 0 13 18 0 0 0 0 0 
0 0 0 0 0 0 0 0 0 0 0 0 0 0 22 0 10 17 14 11 11 8 0 0 0 0 0 0 0 0 0 0 0 0 11 9 0 0 10 10 26 23 24 0 37 30 28 25 28 32 23 26 16 0 13 18 0 0 0 0 0 
0 0 0 0 0 0 0 0 0 0 0 0 0 0 12 0 10 16 13 12 11 8 0 0 0 0 0 0 0 0 0 0 0 0 11 9 0 0 10 11 26 13 24 0 31 21 28 24 30 32 26 27 16 0 15 18 0 0 0 0 0 
0 0 0 0 0 0 0 0 0 0 0 0 0 0 12 0 10 16 13 12 11 8 0 0 0 0 0 0 0 0 0 0 0 0 11 9 0 0 10 11 26 13 24 0 31 21 28 24 30 32 26 27 16 0 15 18 0 0 0 0 0 
0 0 0 0 0 0 0 0 0 0 0 0 0 0 12 0 10 16 13 12 11 8 0 0 0 0 0 0 0 0 0 0 0 0 11 9 0 0 10 11 26 13 24 0 31 21 28 24 30 32 26 27 16 0 15 18 0 0 0 0 0 
0 0 0 0 0 0 0 0 0 0 0 0 0 0 12 0 10 16 13 9 11 8 0 0 0 0 0 0 0 0 0 0 0 0 11 9 0 0 10 11 24 24 25 0 16 30 25 27 36 32 17 27 14 0 13 18 0 0 0 0 0 
0 0 0 0 0 0 0 0 0 0 0 0 0 0 12 0 10 16 13 9 11 8 0 0 0 0 0 0 0 0 0 0 0 0 11 9 0 0 10 11 24 24 25 0 16 30 25 27 36 32 17 27 14 0 13 18 0 0 0 0 0 
0 0 0 0 0 0 0 0 0 0 0 0 0 0 12 0 10 16 13 9 11 8 0 0 0 0 0 0 0 0 0 0 0 0 11 9 0 0 10 11 24 24 25 0 16 30 25 27 36 32 17 27 14 0 13 18 0 0 0 0 0 
