
0 0 0 0 0 0 0 0 0 0 0 0 0 0 0 0 0 0 7 0 0 0 0 0 0 0 0 0 0 0 0 0 0 0 0 0 0 0 0 10 10 26 32 0 29 38 20 27 0 13 0 0 10 0 12 0 0 0 0 0 0 
0 0 0 0 0 0 0 0 0 0 0 0 0 0 0 0 0 0 7 0 0 0 0 0 0 0 0 0 0 0 0 0 0 0 0 0 0 0 0 10 10 26 32 0 29 38 20 27 0 13 0 0 10 0 12 0 0 0 0 0 0 
0 0 0 0 0 0 0 0 0 0 0 0 0 0 0 0 0 0 7 0 0 0 0 0 0 0 0 0 0 0 0 0 0 0 0 0 0 0 0 10 10 26 32 0 29 38 20 27 0 13 0 0 10 0 12 0 0 0 0 0 0 
0 0 0 0 0 0 0 0 0 0 0 0 0 0 0 0 0 8 7 8 0 0 0 0 0 0 0 0 0 0 0 0 0 0 0 0 0 0 0 10 24 26 38 0 30 29 17 27 0 13 14 0 8 0 15 10 0 0 0 0 0 
0 0 0 0 0 0 0 0 0 0 0 0 0 0 0 0 0 8 7 8 0 0 0 0 0 0 0 0 0 0 0 0 0 0 0 0 0 0 0 10 24 26 38 0 30 29 17 27 0 13 14 0 8 0 15 10 0 0 0 0 0 
0 0 0 0 0 0 0 0 0 0 0 0 0 0 0 0 0 8 7 8 0 0 0 0 0 0 0 0 0 0 0 0 0 0 0 0 0 0 0 10 24 26 38 0 30 29 17 27 0 13 14 0 8 0 15 10 0 0 0 0 0 
0 0 0 0 0 0 0 0 0 0 0 0 0 0 0 0 0 8 7 8 0 0 0 0 0 0 0 0 0 0 0 0 0 0 0 0 0 0 0 13 22 28 39 0 30 30 21 28 0 18 12 17 8 0 10 9 0 0 0 0 0 
0 0 0 0 0 0 0 0 0 0 0 0 0 0 0 0 0 8 7 8 0 0 0 0 0 0 0 0 0 0 0 0 0 0 0 0 0 0 0 13 22 28 39 0 30 30 21 28 0 18 12 17 8 0 10 9 0 0 0 0 0 
0 0 0 0 0 0 0 0 0 0 0 0 0 0 0 0 0 8 7 8 0 0 0 0 0 0 0 0 0 0 0 0 0 0 0 0 0 0 0 13 22 28 39 0 30 30 21 28 0 18 12 17 8 0 10 9 0 0 0 0 0 
0 0 0 0 0 0 0 0 0 0 0 0 0 0 0 0 0 10 9 8 0 0 0 0 0 0 0 0 0 0 0 0 0 0 0 0 0 0 15 13 22 26 40 0 29 29 22 29 18 20 12 17 10 0 13 9 0 0 0 0 0 
0 0 0 0 0 0 0 0 0 0 0 0 0 0 0 0 0 10 9 8 0 0 0 0 0 0 0 0 0 0 0 0 0 0 0 0 0 0 15 13 22 26 40 0 29 29 22 29 18 20 12 17 10 0 13 9 0 0 0 0 0 
0 0 0 0 0 0 0 0 0 0 0 0 0 0 0 0 0 10 9 8 0 0 0 0 0 0 0 0 0 0 0 0 0 0 0 0 0 0 15 13 22 26 40 0 29 29 22 29 18 20 12 17 10 0 13 9 0 0 0 0 0 
0 0 0 0 0 0 0 0 0 0 0 0 0 0 0 0 0 10 7 7 0 0 0 0 0 0 0 0 0 0 0 0 0 0 0 0 0 0 16 16 13 27 39 0 29 15 22 29 19 20 12 18 10 0 13 11 0 0 0 0 0 
0 0 0 0 0 0 0 0 0 0 0 0 0 0 0 0 0 10 7 7 0 0 0 0 0 0 0 0 0 0 0 0 0 0 0 0 0 0 16 16 13 27 39 0 29 15 22 29 19 20 12 18 10 0 13 11 0 0 0 0 0 
0 0 0 0 0 0 0 0 0 0 0 0 0 0 0 0 0 10 7 7 0 0 0 0 0 0 0 0 0 0 0 0 0 0 0 0 0 0 16 16 13 27 39 0 29 15 22 29 19 20 12 18 10 0 13 11 0 0 0 0 0 
0 0 0 0 0 0 0 0 0 0 0 0 0 0 0 0 0 8 7 7 0 0 0 0 0 0 0 0 0 0 0 0 0 0 0 0 0 0 16 16 22 27 39 0 28 33 22 28 19 19 12 16 10 0 13 11 0 0 0 0 0 
0 0 0 0 0 0 0 0 0 0 0 0 0 0 0 0 0 8 7 7 0 0 0 0 0 0 0 0 0 0 0 0 0 0 0 0 0 0 16 16 22 27 39 0 28 33 22 28 19 19 12 16 10 0 13 11 0 0 0 0 0 
0 0 0 0 0 0 0 0 0 0 0 0 0 0 0 0 0 8 7 7 0 0 0 0 0 0 0 0 0 0 0 0 0 0 0 0 0 0 16 16 22 27 39 0 28 33 22 28 19 19 12 16 10 0 13 11 0 0 0 0 0 
0 0 0 0 0 0 0 0 0 0 0 0 0 0 0 0 0 8 7 7 0 0 0 0 0 0 0 0 0 0 0 0 0 0 0 0 0 0 17 14 22 10 39 0 28 30 22 28 18 19 13 16 10 0 14 11 0 0 0 0 0 
0 0 0 0 0 0 0 0 0 0 0 0 0 0 0 0 0 8 7 7 0 0 0 0 0 0 0 0 0 0 0 0 0 0 0 0 0 0 17 14 22 10 39 0 28 30 22 28 18 19 13 16 10 0 14 11 0 0 0 0 0 
0 0 0 0 0 0 0 0 0 0 0 0 0 0 0 0 0 8 7 7 0 0 0 0 0 0 0 0 0 0 0 0 0 0 0 0 0 0 17 14 22 10 39 0 28 30 22 28 18 19 13 16 10 0 14 11 0 0 0 0 0 
0 0 0 0 0 0 0 0 0 0 0 0 0 0 0 0 0 7 7 9 0 0 0 0 0 0 0 0 0 0 0 0 0 0 0 0 0 0 18 11 23 28 39 0 29 32 22 27 19 23 13 19 10 0 11 11 0 0 0 0 0 
0 0 0 0 0 0 0 0 0 0 0 0 0 0 0 0 0 7 7 9 0 0 0 0 0 0 0 0 0 0 0 0 0 0 0 0 0 0 18 11 23 28 39 0 29 32 22 27 19 23 13 19 10 0 11 11 0 0 0 0 0 
0 0 0 0 0 0 0 0 0 0 0 0 0 0 0 0 0 7 7 9 0 0 0 0 0 0 0 0 0 0 0 0 0 0 0 0 0 0 18 11 23 28 39 0 29 32 22 27 19 23 13 19 10 0 11 11 0 0 0 0 0 
0 0 0 0 0 0 0 0 0 0 0 0 0 0 0 0 0 7 9 9 0 0 0 0 0 0 0 0 0 0 0 0 0 0 0 0 0 0 17 15 21 6 39 0 29 30 22 27 19 19 12 18 6 0 14 11 0 0 0 0 0 
0 0 0 0 0 0 0 0 0 0 0 0 0 0 0 0 0 7 9 9 0 0 0 0 0 0 0 0 0 0 0 0 0 0 0 0 0 0 17 15 21 6 39 0 29 30 22 27 19 19 12 18 6 0 14 11 0 0 0 0 0 
0 0 0 0 0 0 0 0 0 0 0 0 0 0 0 0 0 7 9 9 0 0 0 0 0 0 0 0 0 0 0 0 0 0 0 0 0 0 17 15 21 6 39 0 29 30 22 27 19 19 12 18 6 0 14 11 0 0 0 0 0 
0 0 0 0 0 0 0 0 0 0 0 0 0 0 0 0 0 7 8 8 0 0 0 0 0 0 0 0 0 0 0 0 0 0 0 0 0 0 18 14 18 9 38 0 30 30 22 28 18 20 14 17 6 0 10 10 0 0 0 0 0 
0 0 0 0 0 0 0 0 0 0 0 0 0 0 0 0 0 7 8 8 0 0 0 0 0 0 0 0 0 0 0 0 0 0 0 0 0 0 18 14 18 9 38 0 30 30 22 28 18 20 14 17 6 0 10 10 0 0 0 0 0 
0 0 0 0 0 0 0 0 0 0 0 0 0 0 0 0 0 7 8 8 0 0 0 0 0 0 0 0 0 0 0 0 0 0 0 0 0 0 18 14 18 9 38 0 30 30 22 28 18 20 14 17 6 0 10 10 0 0 0 0 0 
0 0 0 0 0 0 0 0 0 0 0 0 0 0 0 0 0 10 7 9 0 0 0 0 0 0 0 0 0 0 0 0 0 0 0 0 0 0 19 15 18 9 34 0 29 31 22 28 18 19 14 17 6 0 13 10 0 0 0 0 0 
0 0 0 0 0 0 0 0 0 0 0 0 0 0 0 0 0 10 7 9 0 0 0 0 0 0 0 0 0 0 0 0 0 0 0 0 0 0 19 15 18 9 34 0 29 31 22 28 18 19 14 17 6 0 13 10 0 0 0 0 0 
0 0 0 0 0 0 0 0 0 0 0 0 0 0 0 0 0 10 7 9 0 0 0 0 0 0 0 0 0 0 0 0 0 0 0 0 0 0 19 15 18 9 34 0 29 31 22 28 18 19 14 17 6 0 13 10 0 0 0 0 0 
0 0 0 0 0 0 0 0 0 0 0 0 0 0 0 0 0 10 6 8 0 0 0 0 0 0 0 0 0 0 0 0 0 0 0 0 0 0 20 15 18 27 39 0 28 30 22 28 18 20 14 17 6 0 12 10 0 0 0 0 0 
0 0 0 0 0 0 0 0 0 0 0 0 0 0 0 0 0 10 6 8 0 0 0 0 0 0 0 0 0 0 0 0 0 0 0 0 0 0 20 15 18 27 39 0 28 30 22 28 18 20 14 17 6 0 12 10 0 0 0 0 0 
0 0 0 0 0 0 0 0 0 0 0 0 0 0 0 0 0 10 6 8 0 0 0 0 0 0 0 0 0 0 0 0 0 0 0 0 0 0 20 15 18 27 39 0 28 30 22 28 18 20 14 17 6 0 12 10 0 0 0 0 0 
0 0 0 0 0 0 0 0 0 0 0 0 0 0 0 0 0 10 7 9 0 0 0 0 0 0 0 0 0 0 0 0 0 0 0 0 0 0 20 15 23 28 39 0 29 31 21 29 18 20 12 17 6 0 12 10 0 0 0 0 0 
0 0 0 0 0 0 0 0 0 0 0 0 0 0 0 0 0 10 7 9 0 0 0 0 0 0 0 0 0 0 0 0 0 0 0 0 0 0 20 15 23 28 39 0 29 31 21 29 18 20 12 17 6 0 12 10 0 0 0 0 0 
0 0 0 0 0 0 0 0 0 0 0 0 0 0 0 0 0 10 7 9 0 0 0 0 0 0 0 0 0 0 0 0 0 0 0 0 0 0 20 15 23 28 39 0 29 31 21 29 18 20 12 17 6 0 12 10 0 0 0 0 0 
0 0 0 0 0 0 0 0 0 0 0 0 0 0 0 0 0 10 8 9 0 0 0 0 0 0 0 0 0 0 0 0 0 0 0 0 0 0 20 15 21 27 38 0 28 31 22 26 19 21 12 17 6 0 12 10 0 0 0 0 0 
0 0 0 0 0 0 0 0 0 0 0 0 0 0 0 0 0 10 8 9 0 0 0 0 0 0 0 0 0 0 0 0 0 0 0 0 0 0 20 15 21 27 38 0 28 31 22 26 19 21 12 17 6 0 12 10 0 0 0 0 0 
0 0 0 0 0 0 0 0 0 0 0 0 0 0 0 0 0 10 8 9 0 0 0 0 0 0 0 0 0 0 0 0 0 0 0 0 0 0 20 15 21 27 38 0 28 31 22 26 19 21 12 17 6 0 12 10 0 0 0 0 0 
0 0 0 0 0 0 0 0 0 0 0 0 0 0 0 0 0 10 8 10 0 0 0 0 0 0 0 0 0 0 0 0 0 0 0 0 0 0 17 15 21 27 39 0 30 30 22 26 19 19 12 16 6 0 12 10 0 0 0 0 0 
0 0 0 0 0 0 0 0 0 0 0 0 0 0 0 0 0 10 8 10 0 0 0 0 0 0 0 0 0 0 0 0 0 0 0 0 0 0 17 15 21 27 39 0 30 30 22 26 19 19 12 16 6 0 12 10 0 0 0 0 0 
0 0 0 0 0 0 0 0 0 0 0 0 0 0 0 0 0 10 8 10 0 0 0 0 0 0 0 0 0 0 0 0 0 0 0 0 0 0 17 15 21 27 39 0 30 30 22 26 19 19 12 16 6 0 12 10 0 0 0 0 0 
0 0 0 0 0 0 0 0 0 0 0 0 0 0 0 0 0 7 8 8 0 0 0 0 0 0 0 0 0 0 0 0 0 0 0 0 0 0 17 14 20 27 16 0 27 32 25 28 17 21 12 17 9 0 15 10 0 0 0 0 0 
0 0 0 0 0 0 0 0 0 0 0 0 0 0 0 0 0 7 8 8 0 0 0 0 0 0 0 0 0 0 0 0 0 0 0 0 0 0 17 14 20 27 16 0 27 32 25 28 17 21 12 17 9 0 15 10 0 0 0 0 0 
0 0 0 0 0 0 0 0 0 0 0 0 0 0 0 0 0 7 8 8 0 0 0 0 0 0 0 0 0 0 0 0 0 0 0 0 0 0 17 14 20 27 16 0 27 32 25 28 17 21 12 17 9 0 15 10 0 0 0 0 0 
0 0 0 0 0 0 0 0 0 0 0 0 0 0 0 0 0 7 8 8 0 0 0 0 0 0 0 0 0 0 0 0 0 0 0 0 0 0 17 15 21 26 39 0 10 32 23 27 18 21 12 18 8 0 15 10 0 0 0 0 0 
0 0 0 0 0 0 0 0 0 0 0 0 0 0 0 0 0 7 8 8 0 0 0 0 0 0 0 0 0 0 0 0 0 0 0 0 0 0 17 15 21 26 39 0 10 32 23 27 18 21 12 18 8 0 15 10 0 0 0 0 0 
0 0 0 0 0 0 0 0 0 0 0 0 0 0 0 0 0 7 8 8 0 0 0 0 0 0 0 0 0 0 0 0 0 0 0 0 0 0 17 15 21 26 39 0 10 32 23 27 18 21 12 18 8 0 15 10 0 0 0 0 0 
0 0 0 0 0 0 0 0 0 0 0 0 0 0 0 0 0 7 7 8 0 0 0 0 0 0 0 0 0 0 0 0 0 0 0 0 0 0 16 14 23 27 39 0 18 31 23 26 18 20 12 17 8 0 15 10 0 0 0 0 0 
0 0 0 0 0 0 0 0 0 0 0 0 0 0 0 0 0 7 7 8 0 0 0 0 0 0 0 0 0 0 0 0 0 0 0 0 0 0 16 14 23 27 39 0 18 31 23 26 18 20 12 17 8 0 15 10 0 0 0 0 0 
0 0 0 0 0 0 0 0 0 0 0 0 0 0 0 0 0 7 7 8 0 0 0 0 0 0 0 0 0 0 0 0 0 0 0 0 0 0 16 14 23 27 39 0 18 31 23 26 18 20 12 17 8 0 15 10 0 0 0 0 0 
0 0 0 0 0 0 0 0 0 0 0 0 0 0 0 0 0 7 7 10 0 0 0 0 0 0 0 0 0 0 0 0 0 0 0 0 0 0 8 15 23 27 39 0 28 31 23 26 18 21 12 17 8 0 13 10 0 0 0 0 0 
0 0 0 0 0 0 0 0 0 0 0 0 0 0 0 0 0 7 7 10 0 0 0 0 0 0 0 0 0 0 0 0 0 0 0 0 0 0 8 15 23 27 39 0 28 31 23 26 18 21 12 17 8 0 13 10 0 0 0 0 0 
0 0 0 0 0 0 0 0 0 0 0 0 0 0 0 0 0 7 7 10 0 0 0 0 0 0 0 0 0 0 0 0 0 0 0 0 0 0 8 15 23 27 39 0 28 31 23 26 18 21 12 17 8 0 13 10 0 0 0 0 0 
0 0 0 0 0 0 0 0 0 0 0 0 0 0 0 0 0 9 7 7 0 0 0 0 0 0 0 0 0 0 0 0 0 0 0 0 0 0 8 16 17 24 39 0 28 31 23 26 18 21 12 16 8 0 13 10 0 0 0 0 0 
0 0 0 0 0 0 0 0 0 0 0 0 0 0 0 0 0 9 7 7 0 0 0 0 0 0 0 0 0 0 0 0 0 0 0 0 0 0 8 16 17 24 39 0 28 31 23 26 18 21 12 16 8 0 13 10 0 0 0 0 0 
0 0 0 0 0 0 0 0 0 0 0 0 0 0 0 0 0 9 7 7 0 0 0 0 0 0 0 0 0 0 0 0 0 0 0 0 0 0 8 16 17 24 39 0 28 31 23 26 18 21 12 16 8 0 13 10 0 0 0 0 0 
0 0 0 0 0 0 0 0 0 0 0 0 0 0 0 0 0 10 7 8 0 0 0 0 0 0 0 0 0 0 0 0 0 0 0 0 0 0 17 15 21 27 38 0 16 31 23 26 19 19 9 18 8 0 14 10 0 0 0 0 0 
0 0 0 0 0 0 0 0 0 0 0 0 0 0 0 0 0 10 7 8 0 0 0 0 0 0 0 0 0 0 0 0 0 0 0 0 0 0 17 15 21 27 38 0 16 31 23 26 19 19 9 18 8 0 14 10 0 0 0 0 0 
0 0 0 0 0 0 0 0 0 0 0 0 0 0 0 0 0 10 7 8 0 0 0 0 0 0 0 0 0 0 0 0 0 0 0 0 0 0 17 15 21 27 38 0 16 31 23 26 19 19 9 18 8 0 14 10 0 0 0 0 0 
0 0 0 0 0 0 0 0 0 0 0 0 0 0 0 0 0 9 7 8 0 0 0 0 0 0 0 0 0 0 0 0 0 0 0 0 0 0 17 17 21 27 39 0 30 32 24 25 19 21 9 16 8 0 12 10 0 0 0 0 0 
0 0 0 0 0 0 0 0 0 0 0 0 0 0 0 0 0 9 7 8 0 0 0 0 0 0 0 0 0 0 0 0 0 0 0 0 0 0 17 17 21 27 39 0 30 32 24 25 19 21 9 16 8 0 12 10 0 0 0 0 0 
0 0 0 0 0 0 0 0 0 0 0 0 0 0 0 0 0 9 7 8 0 0 0 0 0 0 0 0 0 0 0 0 0 0 0 0 0 0 17 17 21 27 39 0 30 32 24 25 19 21 9 16 8 0 12 10 0 0 0 0 0 
0 0 0 0 0 0 0 0 0 0 0 0 0 0 0 0 0 9 6 8 0 0 0 0 0 0 0 0 0 0 0 0 0 0 0 0 0 0 17 14 13 27 39 0 31 32 23 27 17 9 12 16 8 0 14 10 0 0 0 0 0 
0 0 0 0 0 0 0 0 0 0 0 0 0 0 0 0 0 9 6 8 0 0 0 0 0 0 0 0 0 0 0 0 0 0 0 0 0 0 17 14 13 27 39 0 31 32 23 27 17 9 12 16 8 0 14 10 0 0 0 0 0 
0 0 0 0 0 0 0 0 0 0 0 0 0 0 0 0 0 9 6 8 0 0 0 0 0 0 0 0 0 0 0 0 0 0 0 0 0 0 17 14 13 27 39 0 31 32 23 27 17 9 12 16 8 0 14 10 0 0 0 0 0 
0 0 0 0 0 0 0 0 0 0 0 0 0 0 0 0 0 9 7 7 0 0 0 0 0 0 0 0 0 0 0 0 0 0 0 0 0 0 15 14 21 27 40 0 30 31 20 7 17 19 12 16 8 0 15 10 0 0 0 0 0 
0 0 0 0 0 0 0 0 0 0 0 0 0 0 0 0 0 9 7 7 0 0 0 0 0 0 0 0 0 0 0 0 0 0 0 0 0 0 15 14 21 27 40 0 30 31 20 7 17 19 12 16 8 0 15 10 0 0 0 0 0 
0 0 0 0 0 0 0 0 0 0 0 0 0 0 0 0 0 9 7 7 0 0 0 0 0 0 0 0 0 0 0 0 0 0 0 0 0 0 15 14 21 27 40 0 30 31 20 7 17 19 12 16 8 0 15 10 0 0 0 0 0 
0 0 0 0 0 0 0 0 0 0 0 0 0 0 0 0 0 9 7 7 0 0 0 0 0 0 0 0 0 0 0 0 0 0 0 0 0 0 15 13 22 29 39 0 30 31 23 28 19 20 12 17 7 0 16 10 0 0 0 0 0 
0 0 0 0 0 0 0 0 0 0 0 0 0 0 0 0 0 9 7 7 0 0 0 0 0 0 0 0 0 0 0 0 0 0 0 0 0 0 15 13 22 29 39 0 30 31 23 28 19 20 12 17 7 0 16 10 0 0 0 0 0 
0 0 0 0 0 0 0 0 0 0 0 0 0 0 0 0 0 9 7 7 0 0 0 0 0 0 0 0 0 0 0 0 0 0 0 0 0 0 15 13 22 29 39 0 30 31 23 28 19 20 12 17 7 0 16 10 0 0 0 0 0 
0 0 0 0 0 0 0 0 0 0 0 0 0 0 0 0 0 11 7 11 0 0 0 0 0 0 0 0 0 0 0 0 0 0 0 0 0 0 15 14 22 27 12 0 31 32 25 28 17 16 14 20 7 0 18 10 0 0 0 0 0 
0 0 0 0 0 0 0 0 0 0 0 0 0 0 0 0 0 11 7 11 0 0 0 0 0 0 0 0 0 0 0 0 0 0 0 0 0 0 15 14 22 27 12 0 31 32 25 28 17 16 14 20 7 0 18 10 0 0 0 0 0 
0 0 0 0 0 0 0 0 0 0 0 0 0 0 0 0 0 11 7 11 0 0 0 0 0 0 0 0 0 0 0 0 0 0 0 0 0 0 15 14 22 27 12 0 31 32 25 28 17 16 14 20 7 0 18 10 0 0 0 0 0 
0 0 0 0 0 0 0 0 0 0 0 0 0 0 0 0 0 11 7 10 0 0 0 0 0 0 0 0 0 0 0 0 0 0 0 0 0 0 15 14 21 27 38 0 28 32 21 28 17 21 14 20 7 0 13 7 0 0 0 0 0 
0 0 0 0 0 0 0 0 0 0 0 0 0 0 0 0 0 11 7 10 0 0 0 0 0 0 0 0 0 0 0 0 0 0 0 0 0 0 15 14 21 27 38 0 28 32 21 28 17 21 14 20 7 0 13 7 0 0 0 0 0 
0 0 0 0 0 0 0 0 0 0 0 0 0 0 0 0 0 11 7 10 0 0 0 0 0 0 0 0 0 0 0 0 0 0 0 0 0 0 15 14 21 27 38 0 28 32 21 28 17 21 14 20 7 0 13 7 0 0 0 0 0 
0 0 0 0 0 0 0 0 0 0 0 0 0 0 8 0 0 11 7 9 0 0 0 0 0 0 0 0 0 0 0 0 0 0 0 0 0 0 15 13 22 25 39 0 28 32 24 24 20 20 11 18 7 0 13 7 0 0 0 0 0 
0 0 0 0 0 0 0 0 0 0 0 0 0 0 8 0 0 11 7 9 0 0 0 0 0 0 0 0 0 0 0 0 0 0 0 0 0 0 15 13 22 25 39 0 28 32 24 24 20 20 11 18 7 0 13 7 0 0 0 0 0 
0 0 0 0 0 0 0 0 0 0 0 0 0 0 8 0 0 11 7 9 0 0 0 0 0 0 0 0 0 0 0 0 0 0 0 0 0 0 15 13 22 25 39 0 28 32 24 24 20 20 11 18 7 0 13 7 0 0 0 0 0 
0 0 0 0 0 0 0 0 0 0 0 0 0 0 8 0 0 11 7 9 0 0 0 0 0 0 0 0 0 0 0 0 0 0 0 0 0 0 15 13 11 19 39 0 28 33 23 28 20 20 13 16 11 0 13 11 0 0 0 0 0 
0 0 0 0 0 0 0 0 0 0 0 0 0 0 8 0 0 11 7 9 0 0 0 0 0 0 0 0 0 0 0 0 0 0 0 0 0 0 15 13 11 19 39 0 28 33 23 28 20 20 13 16 11 0 13 11 0 0 0 0 0 
0 0 0 0 0 0 0 0 0 0 0 0 0 0 8 0 0 11 7 9 0 0 0 0 0 0 0 0 0 0 0 0 0 0 0 0 0 0 15 13 11 19 39 0 28 33 23 28 20 20 13 16 11 0 13 11 0 0 0 0 0 
0 0 0 0 0 0 0 0 0 0 0 0 0 0 8 0 0 11 7 10 0 0 0 0 0 0 0 0 0 0 0 0 0 7 0 0 0 0 15 13 21 28 41 0 29 31 22 8 20 10 13 9 11 0 13 11 0 0 0 0 0 
0 0 0 0 0 0 0 0 0 0 0 0 0 0 8 0 0 11 7 10 0 0 0 0 0 0 0 0 0 0 0 0 0 7 0 0 0 0 15 13 21 28 41 0 29 31 22 8 20 10 13 9 11 0 13 11 0 0 0 0 0 
0 0 0 0 0 0 0 0 0 0 0 0 0 0 8 0 0 11 7 10 0 0 0 0 0 0 0 0 0 0 0 0 0 7 0 0 0 0 15 13 21 28 41 0 29 31 22 8 20 10 13 9 11 0 13 11 0 0 0 0 0 
0 0 0 0 0 0 0 0 0 0 0 0 0 0 10 0 0 9 7 10 0 0 0 0 0 0 0 0 0 0 0 0 0 7 0 0 0 0 16 14 21 26 38 0 28 32 21 29 18 20 13 9 11 0 13 11 0 0 0 0 0 
0 0 0 0 0 0 0 0 0 0 0 0 0 0 10 0 0 9 7 10 0 0 0 0 0 0 0 0 0 0 0 0 0 7 0 0 0 0 16 14 21 26 38 0 28 32 21 29 18 20 13 9 11 0 13 11 0 0 0 0 0 
0 0 0 0 0 0 0 0 0 0 0 0 0 0 10 0 0 9 7 10 0 0 0 0 0 0 0 0 0 0 0 0 0 7 0 0 0 0 16 14 21 26 38 0 28 32 21 29 18 20 13 9 11 0 13 11 0 0 0 0 0 
0 0 0 0 0 0 0 0 0 0 0 0 0 0 10 0 0 8 7 10 0 0 0 0 0 0 0 0 0 0 0 0 0 7 0 0 0 0 17 14 22 27 39 0 27 31 21 30 21 19 13 16 11 0 13 11 0 0 0 0 0 
0 0 0 0 0 0 0 0 0 0 0 0 0 0 10 0 0 8 7 10 0 0 0 0 0 0 0 0 0 0 0 0 0 7 0 0 0 0 17 14 22 27 39 0 27 31 21 30 21 19 13 16 11 0 13 11 0 0 0 0 0 
0 0 0 0 0 0 0 0 0 0 0 0 0 0 10 0 0 8 7 10 0 0 0 0 0 0 0 0 0 0 0 0 0 7 0 0 0 0 17 14 22 27 39 0 27 31 21 30 21 19 13 16 11 0 13 11 0 0 0 0 0 
0 0 0 0 0 0 0 0 0 0 0 0 0 0 10 0 0 8 8 10 0 0 0 0 0 0 0 0 0 0 0 0 0 7 0 0 0 0 17 16 21 29 41 0 32 28 23 28 21 18 13 16 11 0 8 11 0 0 0 0 0 
0 0 0 0 0 0 0 0 0 0 0 0 0 0 10 0 0 8 8 10 0 0 0 0 0 0 0 0 0 0 0 0 0 7 0 0 0 0 17 16 21 29 41 0 32 28 23 28 21 18 13 16 11 0 8 11 0 0 0 0 0 
0 0 0 0 0 0 0 0 0 0 0 0 0 0 10 0 0 8 8 10 0 0 0 0 0 0 0 0 0 0 0 0 0 7 0 0 0 0 17 16 21 29 41 0 32 28 23 28 21 18 13 16 11 0 8 11 0 0 0 0 0 
