
0 0 0 0 0 0 0 0 0 0 0 0 0 0 10 0 0 11 7 0 0 0 0 0 0 0 0 0 0 0 0 0 0 0 0 0 0 0 9 0 31 28 32 0 30 19 21 19 12 16 14 0 0 0 9 0 0 0 0 0 0 
0 0 0 0 0 0 0 0 0 0 0 0 0 0 10 0 0 11 7 0 0 0 0 0 0 0 0 0 0 0 0 0 0 0 0 0 0 0 9 0 31 28 32 0 30 19 21 19 12 16 14 0 0 0 9 0 0 0 0 0 0 
0 0 0 0 0 0 0 0 0 0 0 0 0 0 10 0 0 11 7 0 0 0 0 0 0 0 0 0 0 0 0 0 0 0 0 0 0 0 9 0 31 28 32 0 30 19 21 19 12 16 14 0 0 0 9 0 0 0 0 0 0 
0 0 0 0 0 0 0 0 0 0 0 0 0 0 10 0 0 11 7 0 0 0 0 0 0 0 0 0 0 0 0 0 0 0 0 0 0 0 9 18 39 9 30 0 30 21 22 28 20 13 21 13 0 0 13 0 0 0 0 0 0 
0 0 0 0 0 0 0 0 0 0 0 0 0 0 10 0 0 11 7 0 0 0 0 0 0 0 0 0 0 0 0 0 0 0 0 0 0 0 9 18 39 9 30 0 30 21 22 28 20 13 21 13 0 0 13 0 0 0 0 0 0 
0 0 0 0 0 0 0 0 0 0 0 0 0 0 10 0 0 11 7 0 0 0 0 0 0 0 0 0 0 0 0 0 0 0 0 0 0 0 9 18 39 9 30 0 30 21 22 28 20 13 21 13 0 0 13 0 0 0 0 0 0 
0 0 0 0 0 0 0 0 0 0 0 0 0 0 10 0 0 11 7 0 0 0 0 0 0 0 0 0 0 0 0 0 0 0 0 0 0 0 9 16 39 34 32 0 20 25 22 27 21 15 19 13 0 0 13 0 0 0 0 0 0 
0 0 0 0 0 0 0 0 0 0 0 0 0 0 10 0 0 11 7 0 0 0 0 0 0 0 0 0 0 0 0 0 0 0 0 0 0 0 9 16 39 34 32 0 20 25 22 27 21 15 19 13 0 0 13 0 0 0 0 0 0 
0 0 0 0 0 0 0 0 0 0 0 0 0 0 10 0 0 11 7 0 0 0 0 0 0 0 0 0 0 0 0 0 0 0 0 0 0 0 9 16 39 34 32 0 20 25 22 27 21 15 19 13 0 0 13 0 0 0 0 0 0 
0 0 0 0 0 0 0 0 0 0 0 0 0 0 10 0 0 12 6 9 0 0 0 0 0 0 0 0 0 0 0 0 0 0 0 0 0 0 9 17 20 33 31 0 19 25 21 26 12 17 19 13 0 0 12 0 0 0 0 0 0 
0 0 0 0 0 0 0 0 0 0 0 0 0 0 10 0 0 12 6 9 0 0 0 0 0 0 0 0 0 0 0 0 0 0 0 0 0 0 9 17 20 33 31 0 19 25 21 26 12 17 19 13 0 0 12 0 0 0 0 0 0 
0 0 0 0 0 0 0 0 0 0 0 0 0 0 10 0 0 12 6 9 0 0 0 0 0 0 0 0 0 0 0 0 0 0 0 0 0 0 9 17 20 33 31 0 19 25 21 26 12 17 19 13 0 0 12 0 0 0 0 0 0 
0 0 0 0 0 0 0 0 0 0 0 0 0 0 10 0 0 12 8 8 0 0 0 0 0 0 0 0 0 0 0 0 0 0 0 0 0 0 15 17 40 33 32 0 21 26 23 27 20 17 19 13 0 0 14 0 0 0 0 0 0 
0 0 0 0 0 0 0 0 0 0 0 0 0 0 10 0 0 12 8 8 0 0 0 0 0 0 0 0 0 0 0 0 0 0 0 0 0 0 15 17 40 33 32 0 21 26 23 27 20 17 19 13 0 0 14 0 0 0 0 0 0 
0 0 0 0 0 0 0 0 0 0 0 0 0 0 10 0 0 12 8 8 0 0 0 0 0 0 0 0 0 0 0 0 0 0 0 0 0 0 15 17 40 33 32 0 21 26 23 27 20 17 19 13 0 0 14 0 0 0 0 0 0 
0 0 0 0 0 0 0 0 0 0 0 0 0 0 10 0 0 15 8 8 0 0 0 0 0 0 0 0 0 0 0 0 0 0 0 0 0 0 16 17 39 33 30 0 20 25 21 27 13 16 20 13 0 0 14 0 0 0 0 0 0 
0 0 0 0 0 0 0 0 0 0 0 0 0 0 10 0 0 15 8 8 0 0 0 0 0 0 0 0 0 0 0 0 0 0 0 0 0 0 16 17 39 33 30 0 20 25 21 27 13 16 20 13 0 0 14 0 0 0 0 0 0 
0 0 0 0 0 0 0 0 0 0 0 0 0 0 10 0 0 15 8 8 0 0 0 0 0 0 0 0 0 0 0 0 0 0 0 0 0 0 16 17 39 33 30 0 20 25 21 27 13 16 20 13 0 0 14 0 0 0 0 0 0 
0 0 0 0 0 0 0 0 0 0 0 0 0 0 10 0 0 15 8 8 0 0 0 0 0 0 0 0 0 0 0 0 0 0 0 0 0 0 15 16 19 25 19 0 21 26 20 29 19 16 19 13 0 0 15 9 0 0 0 0 0 
0 0 0 0 0 0 0 0 0 0 0 0 0 0 10 0 0 15 8 8 0 0 0 0 0 0 0 0 0 0 0 0 0 0 0 0 0 0 15 16 19 25 19 0 21 26 20 29 19 16 19 13 0 0 15 9 0 0 0 0 0 
0 0 0 0 0 0 0 0 0 0 0 0 0 0 10 0 0 15 8 8 0 0 0 0 0 0 0 0 0 0 0 0 0 0 0 0 0 0 15 16 19 25 19 0 21 26 20 29 19 16 19 13 0 0 15 9 0 0 0 0 0 
0 0 0 0 0 0 0 0 0 0 0 0 0 0 10 0 0 12 6 9 0 0 0 0 0 0 0 0 0 0 0 0 0 0 0 0 0 0 15 16 13 32 31 0 20 22 23 24 11 15 20 13 0 0 16 9 0 0 0 0 0 
0 0 0 0 0 0 0 0 0 0 0 0 0 0 10 0 0 12 6 9 0 0 0 0 0 0 0 0 0 0 0 0 0 0 0 0 0 0 15 16 13 32 31 0 20 22 23 24 11 15 20 13 0 0 16 9 0 0 0 0 0 
0 0 0 0 0 0 0 0 0 0 0 0 0 0 10 0 0 12 6 9 0 0 0 0 0 0 0 0 0 0 0 0 0 0 0 0 0 0 15 16 13 32 31 0 20 22 23 24 11 15 20 13 0 0 16 9 0 0 0 0 0 
0 0 0 0 0 0 0 0 0 0 0 0 0 0 10 0 0 12 6 7 0 0 0 0 0 0 0 0 0 0 0 0 0 0 0 0 0 0 15 16 39 33 32 0 19 23 23 26 17 16 18 13 0 0 12 9 0 0 0 0 0 
0 0 0 0 0 0 0 0 0 0 0 0 0 0 10 0 0 12 6 7 0 0 0 0 0 0 0 0 0 0 0 0 0 0 0 0 0 0 15 16 39 33 32 0 19 23 23 26 17 16 18 13 0 0 12 9 0 0 0 0 0 
0 0 0 0 0 0 0 0 0 0 0 0 0 0 10 0 0 12 6 7 0 0 0 0 0 0 0 0 0 0 0 0 0 0 0 0 0 0 15 16 39 33 32 0 19 23 23 26 17 16 18 13 0 0 12 9 0 0 0 0 0 
0 0 0 0 0 0 0 0 0 0 0 0 0 0 10 0 0 13 6 7 0 0 0 0 0 0 0 0 0 0 0 0 0 0 0 0 0 0 15 16 39 32 31 0 20 19 22 27 18 15 19 13 12 0 13 9 0 0 0 0 0 
0 0 0 0 0 0 0 0 0 0 0 0 0 0 10 0 0 13 6 7 0 0 0 0 0 0 0 0 0 0 0 0 0 0 0 0 0 0 15 16 39 32 31 0 20 19 22 27 18 15 19 13 12 0 13 9 0 0 0 0 0 
0 0 0 0 0 0 0 0 0 0 0 0 0 0 10 0 0 13 6 7 0 0 0 0 0 0 0 0 0 0 0 0 0 0 0 0 0 0 15 16 39 32 31 0 20 19 22 27 18 15 19 13 12 0 13 9 0 0 0 0 0 
0 0 0 0 0 0 0 0 0 0 0 0 0 0 10 0 0 12 6 7 0 0 0 0 0 0 0 0 0 0 0 0 0 0 0 0 0 0 15 16 39 34 36 0 20 24 25 27 18 14 20 13 12 0 14 9 0 0 0 0 0 
0 0 0 0 0 0 0 0 0 0 0 0 0 0 10 0 0 12 6 7 0 0 0 0 0 0 0 0 0 0 0 0 0 0 0 0 0 0 15 16 39 34 36 0 20 24 25 27 18 14 20 13 12 0 14 9 0 0 0 0 0 
0 0 0 0 0 0 0 0 0 0 0 0 0 0 10 0 0 12 6 7 0 0 0 0 0 0 0 0 0 0 0 0 0 0 0 0 0 0 15 16 39 34 36 0 20 24 25 27 18 14 20 13 12 0 14 9 0 0 0 0 0 
0 0 0 0 0 0 0 0 0 0 0 0 0 0 10 0 0 12 6 7 0 0 0 0 0 0 0 0 0 0 0 0 0 0 0 0 0 0 12 16 19 33 31 0 21 26 24 29 20 17 18 12 12 0 15 7 0 0 0 0 0 
0 0 0 0 0 0 0 0 0 0 0 0 0 0 10 0 0 12 6 7 0 0 0 0 0 0 0 0 0 0 0 0 0 0 0 0 0 0 12 16 19 33 31 0 21 26 24 29 20 17 18 12 12 0 15 7 0 0 0 0 0 
0 0 0 0 0 0 0 0 0 0 0 0 0 0 10 0 0 12 6 7 0 0 0 0 0 0 0 0 0 0 0 0 0 0 0 0 0 0 12 16 19 33 31 0 21 26 24 29 20 17 18 12 12 0 15 7 0 0 0 0 0 
0 0 0 0 0 0 0 0 0 0 0 0 0 0 10 0 0 10 6 7 0 0 0 0 0 0 0 0 0 0 0 0 0 0 0 0 0 0 15 16 38 33 12 0 20 25 22 30 20 17 19 12 12 0 14 7 0 0 0 0 0 
0 0 0 0 0 0 0 0 0 0 0 0 0 0 10 0 0 10 6 7 0 0 0 0 0 0 0 0 0 0 0 0 0 0 0 0 0 0 15 16 38 33 12 0 20 25 22 30 20 17 19 12 12 0 14 7 0 0 0 0 0 
0 0 0 0 0 0 0 0 0 0 0 0 0 0 10 0 0 10 6 7 0 0 0 0 0 0 0 0 0 0 0 0 0 0 0 0 0 0 15 16 38 33 12 0 20 25 22 30 20 17 19 12 12 0 14 7 0 0 0 0 0 
0 0 0 0 0 0 0 0 0 0 0 0 0 0 10 0 0 12 7 7 0 0 0 0 0 0 0 0 0 0 0 0 0 0 0 0 0 0 15 18 39 33 30 0 23 24 20 27 19 17 19 12 12 0 13 7 0 0 0 0 0 
0 0 0 0 0 0 0 0 0 0 0 0 0 0 10 0 0 12 7 7 0 0 0 0 0 0 0 0 0 0 0 0 0 0 0 0 0 0 15 18 39 33 30 0 23 24 20 27 19 17 19 12 12 0 13 7 0 0 0 0 0 
0 0 0 0 0 0 0 0 0 0 0 0 0 0 10 0 0 12 7 7 0 0 0 0 0 0 0 0 0 0 0 0 0 0 0 0 0 0 15 18 39 33 30 0 23 24 20 27 19 17 19 12 12 0 13 7 0 0 0 0 0 
0 0 0 0 0 0 0 0 0 0 0 0 0 0 10 0 0 13 7 7 0 0 0 0 0 0 0 0 0 0 0 0 0 0 0 0 0 0 15 16 38 32 9 0 19 25 22 27 13 16 20 12 12 0 12 7 0 0 0 0 0 
0 0 0 0 0 0 0 0 0 0 0 0 0 0 10 0 0 13 7 7 0 0 0 0 0 0 0 0 0 0 0 0 0 0 0 0 0 0 15 16 38 32 9 0 19 25 22 27 13 16 20 12 12 0 12 7 0 0 0 0 0 
0 0 0 0 0 0 0 0 0 0 0 0 0 0 10 0 0 13 7 7 0 0 0 0 0 0 0 0 0 0 0 0 0 0 0 0 0 0 15 16 38 32 9 0 19 25 22 27 13 16 20 12 12 0 12 7 0 0 0 0 0 
0 0 0 0 0 0 0 0 0 0 0 0 0 0 10 0 0 13 7 6 0 0 0 0 0 0 0 0 0 0 0 0 0 0 0 0 0 0 15 17 39 31 29 0 19 24 23 11 20 18 20 12 11 0 12 7 0 0 0 0 0 
0 0 0 0 0 0 0 0 0 0 0 0 0 0 10 0 0 13 7 6 0 0 0 0 0 0 0 0 0 0 0 0 0 0 0 0 0 0 15 17 39 31 29 0 19 24 23 11 20 18 20 12 11 0 12 7 0 0 0 0 0 
0 0 0 0 0 0 0 0 0 0 0 0 0 0 10 0 0 13 7 6 0 0 0 0 0 0 0 0 0 0 0 0 0 0 0 0 0 0 15 17 39 31 29 0 19 24 23 11 20 18 20 12 11 0 12 7 0 0 0 0 0 
0 0 0 0 0 0 0 0 0 0 0 0 0 0 10 0 0 12 7 8 0 0 0 0 0 0 0 0 0 0 0 0 0 0 0 0 0 0 15 17 16 32 30 0 20 24 23 25 19 17 18 14 11 0 16 7 0 0 0 0 0 
0 0 0 0 0 0 0 0 0 0 0 0 0 0 10 0 0 12 7 8 0 0 0 0 0 0 0 0 0 0 0 0 0 0 0 0 0 0 15 17 16 32 30 0 20 24 23 25 19 17 18 14 11 0 16 7 0 0 0 0 0 
0 0 0 0 0 0 0 0 0 0 0 0 0 0 10 0 0 12 7 8 0 0 0 0 0 0 0 0 0 0 0 0 0 0 0 0 0 0 15 17 16 32 30 0 20 24 23 25 19 17 18 14 11 0 16 7 0 0 0 0 0 
0 0 0 0 0 0 0 0 0 0 0 0 0 0 10 0 0 12 7 8 0 0 0 0 0 0 0 0 0 0 0 0 0 0 0 0 0 0 17 17 39 32 7 0 20 25 21 26 18 19 18 14 11 0 12 7 0 0 0 0 0 
0 0 0 0 0 0 0 0 0 0 0 0 0 0 10 0 0 12 7 8 0 0 0 0 0 0 0 0 0 0 0 0 0 0 0 0 0 0 17 17 39 32 7 0 20 25 21 26 18 19 18 14 11 0 12 7 0 0 0 0 0 
0 0 0 0 0 0 0 0 0 0 0 0 0 0 10 0 0 12 7 8 0 0 0 0 0 0 0 0 0 0 0 0 0 0 0 0 0 0 17 17 39 32 7 0 20 25 21 26 18 19 18 14 11 0 12 7 0 0 0 0 0 
0 0 0 0 0 0 0 0 0 0 0 0 0 0 10 0 0 12 6 8 0 0 0 0 0 0 0 0 0 0 0 0 0 0 0 0 0 0 17 17 18 32 18 0 21 26 22 26 18 18 14 14 9 0 14 7 0 0 0 0 0 
0 0 0 0 0 0 0 0 0 0 0 0 0 0 10 0 0 12 6 8 0 0 0 0 0 0 0 0 0 0 0 0 0 0 0 0 0 0 17 17 18 32 18 0 21 26 22 26 18 18 14 14 9 0 14 7 0 0 0 0 0 
0 0 0 0 0 0 0 0 0 0 0 0 0 0 10 0 0 12 6 8 0 0 0 0 0 0 0 0 0 0 0 0 0 0 0 0 0 0 17 17 18 32 18 0 21 26 22 26 18 18 14 14 9 0 14 7 0 0 0 0 0 
0 0 0 0 0 0 0 0 0 0 0 0 0 0 10 0 0 12 6 8 0 0 0 0 0 0 0 0 0 0 0 0 0 0 0 0 0 0 17 17 38 32 30 0 20 26 20 26 19 18 17 14 13 0 12 7 0 0 0 0 0 
0 0 0 0 0 0 0 0 0 0 0 0 0 0 10 0 0 12 6 8 0 0 0 0 0 0 0 0 0 0 0 0 0 0 0 0 0 0 17 17 38 32 30 0 20 26 20 26 19 18 17 14 13 0 12 7 0 0 0 0 0 
0 0 0 0 0 0 0 0 0 0 0 0 0 0 10 0 0 12 6 8 0 0 0 0 0 0 0 0 0 0 0 0 0 0 0 0 0 0 17 17 38 32 30 0 20 26 20 26 19 18 17 14 13 0 12 7 0 0 0 0 0 
0 0 0 0 0 0 0 0 0 0 0 0 0 0 10 0 0 11 9 8 0 0 0 0 0 0 0 0 0 0 0 0 0 0 0 0 0 0 16 16 39 33 30 0 22 27 22 29 19 18 18 13 13 0 13 7 0 0 0 0 0 
0 0 0 0 0 0 0 0 0 0 0 0 0 0 10 0 0 11 9 8 0 0 0 0 0 0 0 0 0 0 0 0 0 0 0 0 0 0 16 16 39 33 30 0 22 27 22 29 19 18 18 13 13 0 13 7 0 0 0 0 0 
0 0 0 0 0 0 0 0 0 0 0 0 0 0 10 0 0 11 9 8 0 0 0 0 0 0 0 0 0 0 0 0 0 0 0 0 0 0 16 16 39 33 30 0 22 27 22 29 19 18 18 13 13 0 13 7 0 0 0 0 0 
0 0 0 0 0 0 0 0 0 0 0 0 0 0 10 0 0 11 9 8 0 0 0 0 0 0 0 0 0 0 0 0 0 0 0 0 0 0 16 16 34 32 30 0 22 25 22 27 19 18 19 13 13 0 14 7 0 0 0 0 0 
0 0 0 0 0 0 0 0 0 0 0 0 0 0 10 0 0 11 9 8 0 0 0 0 0 0 0 0 0 0 0 0 0 0 0 0 0 0 16 16 34 32 30 0 22 25 22 27 19 18 19 13 13 0 14 7 0 0 0 0 0 
0 0 0 0 0 0 0 0 0 0 0 0 0 0 10 0 0 11 9 8 0 0 0 0 0 0 0 0 0 0 0 0 0 0 0 0 0 0 16 16 34 32 30 0 22 25 22 27 19 18 19 13 13 0 14 7 0 0 0 0 0 
0 0 0 0 0 0 0 0 0 0 0 0 0 0 6 0 0 12 9 6 0 0 0 0 0 0 0 0 0 0 0 0 0 0 0 0 0 0 16 16 37 32 29 0 23 24 22 27 20 17 19 13 13 0 13 7 0 0 0 0 0 
0 0 0 0 0 0 0 0 0 0 0 0 0 0 6 0 0 12 9 6 0 0 0 0 0 0 0 0 0 0 0 0 0 0 0 0 0 0 16 16 37 32 29 0 23 24 22 27 20 17 19 13 13 0 13 7 0 0 0 0 0 
0 0 0 0 0 0 0 0 0 0 0 0 0 0 6 0 0 12 9 6 0 0 0 0 0 0 0 0 0 0 0 0 0 0 0 0 0 0 16 16 37 32 29 0 23 24 22 27 20 17 19 13 13 0 13 7 0 0 0 0 0 
0 0 0 0 0 0 0 0 0 0 0 0 0 0 6 0 0 10 9 6 0 0 0 0 0 0 0 0 0 0 0 0 0 0 0 0 0 0 15 16 38 33 27 0 21 24 5 7 20 17 16 13 13 0 13 8 0 0 0 0 0 
0 0 0 0 0 0 0 0 0 0 0 0 0 0 6 0 0 10 9 6 0 0 0 0 0 0 0 0 0 0 0 0 0 0 0 0 0 0 15 16 38 33 27 0 21 24 5 7 20 17 16 13 13 0 13 8 0 0 0 0 0 
0 0 0 0 0 0 0 0 0 0 0 0 0 0 6 0 0 10 9 6 0 0 0 0 0 0 0 0 0 0 0 0 0 0 0 0 0 0 15 16 38 33 27 0 21 24 5 7 20 17 16 13 13 0 13 8 0 0 0 0 0 
0 0 0 0 0 0 0 0 0 0 0 0 0 0 6 0 0 10 9 6 0 0 0 0 0 0 0 0 0 0 0 0 0 0 0 0 0 0 15 16 15 6 29 0 20 23 24 11 20 18 20 13 10 0 14 10 0 0 0 0 0 
0 0 0 0 0 0 0 0 0 0 0 0 0 0 6 0 0 10 9 6 0 0 0 0 0 0 0 0 0 0 0 0 0 0 0 0 0 0 15 16 15 6 29 0 20 23 24 11 20 18 20 13 10 0 14 10 0 0 0 0 0 
0 0 0 0 0 0 0 0 0 0 0 0 0 0 6 0 0 10 9 6 0 0 0 0 0 0 0 0 0 0 0 0 0 0 0 0 0 0 15 16 15 6 29 0 20 23 24 11 20 18 20 13 10 0 14 10 0 0 0 0 0 
0 0 0 0 0 0 0 0 0 0 0 0 0 0 6 0 0 11 9 7 0 0 0 0 0 0 0 0 0 0 0 0 0 0 0 0 0 0 15 16 38 31 32 0 24 21 22 27 20 16 20 13 10 0 12 10 0 0 0 0 0 
0 0 0 0 0 0 0 0 0 0 0 0 0 0 6 0 0 11 9 7 0 0 0 0 0 0 0 0 0 0 0 0 0 0 0 0 0 0 15 16 38 31 32 0 24 21 22 27 20 16 20 13 10 0 12 10 0 0 0 0 0 
0 0 0 0 0 0 0 0 0 0 0 0 0 0 6 0 0 11 9 7 0 0 0 0 0 0 0 0 0 0 0 0 0 0 0 0 0 0 15 16 38 31 32 0 24 21 22 27 20 16 20 13 10 0 12 10 0 0 0 0 0 
0 0 0 0 0 0 0 0 0 0 0 0 0 0 6 0 0 11 9 7 0 0 0 0 0 0 0 0 0 0 0 0 0 0 10 0 0 0 15 16 39 11 31 0 25 21 23 27 20 17 22 14 10 0 12 10 0 0 0 0 0 
0 0 0 0 0 0 0 0 0 0 0 0 0 0 6 0 0 11 9 7 0 0 0 0 0 0 0 0 0 0 0 0 0 0 10 0 0 0 15 16 39 11 31 0 25 21 23 27 20 17 22 14 10 0 12 10 0 0 0 0 0 
0 0 0 0 0 0 0 0 0 0 0 0 0 0 6 0 0 11 9 7 0 0 0 0 0 0 0 0 0 0 0 0 0 0 10 0 0 0 15 16 39 11 31 0 25 21 23 27 20 17 22 14 10 0 12 10 0 0 0 0 0 
0 0 0 0 0 0 0 0 0 0 0 0 0 0 6 0 0 14 7 7 0 0 0 0 0 0 0 0 0 0 0 0 0 0 10 0 0 0 13 16 40 32 31 0 23 20 23 28 13 19 20 14 10 0 12 10 0 0 0 0 0 
0 0 0 0 0 0 0 0 0 0 0 0 0 0 6 0 0 14 7 7 0 0 0 0 0 0 0 0 0 0 0 0 0 0 10 0 0 0 13 16 40 32 31 0 23 20 23 28 13 19 20 14 10 0 12 10 0 0 0 0 0 
0 0 0 0 0 0 0 0 0 0 0 0 0 0 6 0 0 14 7 7 0 0 0 0 0 0 0 0 0 0 0 0 0 0 10 0 0 0 13 16 40 32 31 0 23 20 23 28 13 19 20 14 10 0 12 10 0 0 0 0 0 
0 0 0 0 0 0 0 0 0 0 0 0 0 0 9 0 0 12 7 9 0 0 0 0 0 0 0 0 0 0 0 0 0 0 10 0 0 0 13 16 39 37 30 0 22 21 23 27 18 16 19 13 10 0 13 9 0 0 0 0 0 
0 0 0 0 0 0 0 0 0 0 0 0 0 0 9 0 0 12 7 9 0 0 0 0 0 0 0 0 0 0 0 0 0 0 10 0 0 0 13 16 39 37 30 0 22 21 23 27 18 16 19 13 10 0 13 9 0 0 0 0 0 
0 0 0 0 0 0 0 0 0 0 0 0 0 0 9 0 0 12 7 9 0 0 0 0 0 0 0 0 0 0 0 0 0 0 10 0 0 0 13 16 39 37 30 0 22 21 23 27 18 16 19 13 10 0 13 9 0 0 0 0 0 
0 0 0 0 0 0 0 0 0 0 0 0 0 0 9 0 0 13 7 9 0 0 0 0 0 0 0 0 0 0 0 0 0 0 10 0 0 0 13 15 38 22 31 0 22 21 25 27 19 11 19 13 13 0 14 10 0 0 0 0 0 
0 0 0 0 0 0 0 0 0 0 0 0 0 0 9 0 0 13 7 9 0 0 0 0 0 0 0 0 0 0 0 0 0 0 10 0 0 0 13 15 38 22 31 0 22 21 25 27 19 11 19 13 13 0 14 10 0 0 0 0 0 
0 0 0 0 0 0 0 0 0 0 0 0 0 0 9 0 0 13 7 9 0 0 0 0 0 0 0 0 0 0 0 0 0 0 10 0 0 0 13 15 38 22 31 0 22 21 25 27 19 11 19 13 13 0 14 10 0 0 0 0 0 
0 0 0 0 0 0 0 0 0 0 0 0 0 0 9 0 0 11 7 9 0 0 0 0 0 0 0 0 0 0 0 0 0 0 10 0 0 0 13 16 38 32 30 0 23 15 22 30 19 16 20 13 13 0 12 10 0 0 0 0 0 
0 0 0 0 0 0 0 0 0 0 0 0 0 0 9 0 0 11 7 9 0 0 0 0 0 0 0 0 0 0 0 0 0 0 10 0 0 0 13 16 38 32 30 0 23 15 22 30 19 16 20 13 13 0 12 10 0 0 0 0 0 
0 0 0 0 0 0 0 0 0 0 0 0 0 0 9 0 0 11 7 9 0 0 0 0 0 0 0 0 0 0 0 0 0 0 10 0 0 0 13 16 38 32 30 0 23 15 22 30 19 16 20 13 13 0 12 10 0 0 0 0 0 
0 0 0 0 0 0 0 0 0 0 0 0 0 0 9 0 0 10 7 7 0 0 0 0 0 0 0 0 0 0 0 0 0 0 10 0 0 0 13 16 39 32 20 0 23 23 21 27 19 16 21 14 13 0 14 7 0 0 0 0 0 
0 0 0 0 0 0 0 0 0 0 0 0 0 0 9 0 0 10 7 7 0 0 0 0 0 0 0 0 0 0 0 0 0 0 10 0 0 0 13 16 39 32 20 0 23 23 21 27 19 16 21 14 13 0 14 7 0 0 0 0 0 
0 0 0 0 0 0 0 0 0 0 0 0 0 0 9 0 0 10 7 7 0 0 0 0 0 0 0 0 0 0 0 0 0 0 10 0 0 0 13 16 39 32 20 0 23 23 21 27 19 16 21 14 13 0 14 7 0 0 0 0 0 
0 0 0 0 0 0 0 0 0 0 0 0 0 0 9 0 0 13 7 7 0 0 0 0 0 0 0 0 0 0 0 0 0 0 10 0 0 0 13 16 39 31 29 0 24 25 22 27 21 18 20 14 13 0 14 7 0 0 0 0 0 
0 0 0 0 0 0 0 0 0 0 0 0 0 0 9 0 0 13 7 7 0 0 0 0 0 0 0 0 0 0 0 0 0 0 10 0 0 0 13 16 39 31 29 0 24 25 22 27 21 18 20 14 13 0 14 7 0 0 0 0 0 
0 0 0 0 0 0 0 0 0 0 0 0 0 0 9 0 0 13 7 7 0 0 0 0 0 0 0 0 0 0 0 0 0 0 10 0 0 0 13 16 39 31 29 0 24 25 22 27 21 18 20 14 13 0 14 7 0 0 0 0 0 
0 0 0 0 0 0 0 0 0 0 0 0 0 0 9 0 0 12 7 6 0 0 0 0 0 0 0 0 0 0 0 0 0 0 10 0 0 0 13 16 38 14 29 0 21 26 24 24 9 14 21 10 11 0 14 10 0 0 0 0 0 
0 0 0 0 0 0 0 0 0 0 0 0 0 0 9 0 0 12 7 6 0 0 0 0 0 0 0 0 0 0 0 0 0 0 10 0 0 0 13 16 38 14 29 0 21 26 24 24 9 14 21 10 11 0 14 10 0 0 0 0 0 
0 0 0 0 0 0 0 0 0 0 0 0 0 0 9 0 0 12 7 6 0 0 0 0 0 0 0 0 0 0 0 0 0 0 10 0 0 0 13 16 38 14 29 0 21 26 24 24 9 14 21 10 11 0 14 10 0 0 0 0 0 
