
0 0 0 0 0 0 0 0 0 0 0 0 0 0 0 0 0 0 0 0 8 0 0 0 0 0 0 0 0 0 0 0 0 0 0 0 0 0 0 0 17 16 0 0 24 27 31 37 22 34 27 22 20 0 20 13 0 0 0 0 0 
0 0 0 0 0 0 0 0 0 0 0 0 0 0 0 0 0 0 0 0 8 0 0 0 0 0 0 0 0 0 0 0 0 0 0 0 0 0 0 0 17 16 0 0 24 27 31 37 22 34 27 22 20 0 20 13 0 0 0 0 0 
0 0 0 0 0 0 0 0 0 0 0 0 0 0 0 0 0 0 0 0 8 0 0 0 0 0 0 0 0 0 0 0 0 0 0 0 0 0 0 0 17 16 0 0 24 27 31 37 22 34 27 22 20 0 20 13 0 0 0 0 0 
0 0 0 0 0 0 0 0 0 0 0 0 0 0 0 0 0 0 0 0 8 0 0 0 0 0 0 0 0 0 0 0 0 0 0 0 0 0 0 0 17 16 0 0 24 32 37 39 29 7 13 33 28 0 21 20 0 0 0 0 0 
0 0 0 0 0 0 0 0 0 0 0 0 0 0 0 0 0 0 0 0 8 0 0 0 0 0 0 0 0 0 0 0 0 0 0 0 0 0 0 0 17 16 0 0 24 32 37 39 29 7 13 33 28 0 21 20 0 0 0 0 0 
0 0 0 0 0 0 0 0 0 0 0 0 0 0 0 0 0 0 0 0 8 0 0 0 0 0 0 0 0 0 0 0 0 0 0 0 0 0 0 0 17 16 0 0 24 32 37 39 29 7 13 33 28 0 21 20 0 0 0 0 0 
0 0 0 0 0 0 0 0 0 0 0 0 0 0 0 0 0 0 11 0 8 0 0 0 0 0 0 0 0 0 0 0 0 0 0 0 0 0 0 0 21 21 0 0 20 30 41 37 29 33 29 35 28 13 24 18 0 0 0 0 0 
0 0 0 0 0 0 0 0 0 0 0 0 0 0 0 0 0 0 11 0 8 0 0 0 0 0 0 0 0 0 0 0 0 0 0 0 0 0 0 0 21 21 0 0 20 30 41 37 29 33 29 35 28 13 24 18 0 0 0 0 0 
0 0 0 0 0 0 0 0 0 0 0 0 0 0 0 0 0 0 11 0 8 0 0 0 0 0 0 0 0 0 0 0 0 0 0 0 0 0 0 0 21 21 0 0 20 30 41 37 29 33 29 35 28 13 24 18 0 0 0 0 0 
0 0 0 0 0 0 0 0 0 0 0 0 0 0 0 0 0 0 11 0 8 0 0 0 0 0 0 0 0 0 0 0 0 0 0 0 0 0 0 13 21 21 0 0 21 30 40 41 29 32 29 32 28 13 24 18 0 0 0 0 0 
0 0 0 0 0 0 0 0 0 0 0 0 0 0 0 0 0 0 11 0 8 0 0 0 0 0 0 0 0 0 0 0 0 0 0 0 0 0 0 13 21 21 0 0 21 30 40 41 29 32 29 32 28 13 24 18 0 0 0 0 0 
0 0 0 0 0 0 0 0 0 0 0 0 0 0 0 0 0 0 11 0 8 0 0 0 0 0 0 0 0 0 0 0 0 0 0 0 0 0 0 13 21 21 0 0 21 30 40 41 29 32 29 32 28 13 24 18 0 0 0 0 0 
0 0 0 0 0 0 0 0 0 0 0 0 0 0 0 0 0 0 12 0 8 0 0 0 0 0 0 0 0 0 0 0 0 0 0 0 0 0 0 13 8 21 0 0 21 29 39 11 28 38 29 32 31 13 22 18 0 0 0 0 0 
0 0 0 0 0 0 0 0 0 0 0 0 0 0 0 0 0 0 12 0 8 0 0 0 0 0 0 0 0 0 0 0 0 0 0 0 0 0 0 13 8 21 0 0 21 29 39 11 28 38 29 32 31 13 22 18 0 0 0 0 0 
0 0 0 0 0 0 0 0 0 0 0 0 0 0 0 0 0 0 12 0 8 0 0 0 0 0 0 0 0 0 0 0 0 0 0 0 0 0 0 13 8 21 0 0 21 29 39 11 28 38 29 32 31 13 22 18 0 0 0 0 0 
0 0 0 0 0 0 0 0 0 0 0 0 0 0 0 0 0 0 11 0 8 0 0 0 0 0 0 0 0 0 0 0 0 0 0 0 0 0 0 13 8 24 0 0 21 31 40 37 29 33 29 34 20 13 22 18 0 0 0 0 0 
0 0 0 0 0 0 0 0 0 0 0 0 0 0 0 0 0 0 11 0 8 0 0 0 0 0 0 0 0 0 0 0 0 0 0 0 0 0 0 13 8 24 0 0 21 31 40 37 29 33 29 34 20 13 22 18 0 0 0 0 0 
0 0 0 0 0 0 0 0 0 0 0 0 0 0 0 0 0 0 11 0 8 0 0 0 0 0 0 0 0 0 0 0 0 0 0 0 0 0 0 13 8 24 0 0 21 31 40 37 29 33 29 34 20 13 22 18 0 0 0 0 0 
0 0 0 0 0 0 0 0 0 0 0 0 0 0 0 0 0 0 10 11 8 0 0 0 0 0 0 0 0 0 0 0 0 0 0 0 0 0 0 13 8 24 0 0 21 25 40 38 21 33 28 33 22 12 23 19 0 0 0 0 0 
0 0 0 0 0 0 0 0 0 0 0 0 0 0 0 0 0 0 10 11 8 0 0 0 0 0 0 0 0 0 0 0 0 0 0 0 0 0 0 13 8 24 0 0 21 25 40 38 21 33 28 33 22 12 23 19 0 0 0 0 0 
0 0 0 0 0 0 0 0 0 0 0 0 0 0 0 0 0 0 10 11 8 0 0 0 0 0 0 0 0 0 0 0 0 0 0 0 0 0 0 13 8 24 0 0 21 25 40 38 21 33 28 33 22 12 23 19 0 0 0 0 0 
0 0 0 0 0 0 0 0 0 0 0 0 0 0 0 0 0 0 10 11 8 0 0 0 0 0 0 0 0 0 0 0 0 0 0 0 0 0 0 13 21 20 0 0 21 23 40 37 27 33 28 32 27 12 23 19 0 0 0 0 0 
0 0 0 0 0 0 0 0 0 0 0 0 0 0 0 0 0 0 10 11 8 0 0 0 0 0 0 0 0 0 0 0 0 0 0 0 0 0 0 13 21 20 0 0 21 23 40 37 27 33 28 32 27 12 23 19 0 0 0 0 0 
0 0 0 0 0 0 0 0 0 0 0 0 0 0 0 0 0 0 10 11 8 0 0 0 0 0 0 0 0 0 0 0 0 0 0 0 0 0 0 13 21 20 0 0 21 23 40 37 27 33 28 32 27 12 23 19 0 0 0 0 0 
0 0 0 0 0 0 0 0 0 0 0 0 0 0 0 0 0 0 11 11 8 0 0 0 0 0 0 0 0 0 0 0 0 0 0 0 0 0 0 12 21 20 0 0 21 30 40 6 28 33 30 21 27 12 21 18 0 0 0 0 0 
0 0 0 0 0 0 0 0 0 0 0 0 0 0 0 0 0 0 11 11 8 0 0 0 0 0 0 0 0 0 0 0 0 0 0 0 0 0 0 12 21 20 0 0 21 30 40 6 28 33 30 21 27 12 21 18 0 0 0 0 0 
0 0 0 0 0 0 0 0 0 0 0 0 0 0 0 0 0 0 11 11 8 0 0 0 0 0 0 0 0 0 0 0 0 0 0 0 0 0 0 12 21 20 0 0 21 30 40 6 28 33 30 21 27 12 21 18 0 0 0 0 0 
0 0 0 0 0 0 0 0 0 0 0 0 0 0 0 0 0 0 11 8 8 0 0 0 0 0 0 0 0 0 0 0 0 0 0 0 0 0 0 12 21 21 0 0 24 31 27 38 32 9 29 33 27 13 21 17 0 0 0 0 0 
0 0 0 0 0 0 0 0 0 0 0 0 0 0 0 0 0 0 11 8 8 0 0 0 0 0 0 0 0 0 0 0 0 0 0 0 0 0 0 12 21 21 0 0 24 31 27 38 32 9 29 33 27 13 21 17 0 0 0 0 0 
0 0 0 0 0 0 0 0 0 0 0 0 0 0 0 0 0 0 11 8 8 0 0 0 0 0 0 0 0 0 0 0 0 0 0 0 0 0 0 12 21 21 0 0 24 31 27 38 32 9 29 33 27 13 21 17 0 0 0 0 0 
0 0 0 0 0 0 0 0 0 0 0 0 0 0 0 0 0 0 11 8 8 0 0 0 0 0 0 0 0 0 0 0 0 0 0 0 0 0 0 13 19 21 0 0 21 29 39 38 12 33 23 33 27 13 22 12 0 0 0 0 0 
0 0 0 0 0 0 0 0 0 0 0 0 0 0 0 0 0 0 11 8 8 0 0 0 0 0 0 0 0 0 0 0 0 0 0 0 0 0 0 13 19 21 0 0 21 29 39 38 12 33 23 33 27 13 22 12 0 0 0 0 0 
0 0 0 0 0 0 0 0 0 0 0 0 0 0 0 0 0 0 11 8 8 0 0 0 0 0 0 0 0 0 0 0 0 0 0 0 0 0 0 13 19 21 0 0 21 29 39 38 12 33 23 33 27 13 22 12 0 0 0 0 0 
0 0 0 0 0 0 0 0 0 0 0 0 0 0 0 0 0 0 11 10 8 0 0 0 0 0 0 0 0 0 0 0 0 0 0 0 0 0 0 13 21 21 0 0 21 30 40 37 29 35 27 33 28 14 22 12 0 0 0 0 0 
0 0 0 0 0 0 0 0 0 0 0 0 0 0 0 0 0 0 11 10 8 0 0 0 0 0 0 0 0 0 0 0 0 0 0 0 0 0 0 13 21 21 0 0 21 30 40 37 29 35 27 33 28 14 22 12 0 0 0 0 0 
0 0 0 0 0 0 0 0 0 0 0 0 0 0 0 0 0 0 11 10 8 0 0 0 0 0 0 0 0 0 0 0 0 0 0 0 0 0 0 13 21 21 0 0 21 30 40 37 29 35 27 33 28 14 22 12 0 0 0 0 0 
0 0 0 0 0 0 0 0 0 0 0 0 0 0 0 0 0 0 11 9 8 0 0 0 0 0 0 0 0 0 0 0 0 0 0 0 0 0 10 13 21 20 0 0 21 29 40 23 23 22 28 22 27 13 22 17 0 0 0 0 0 
0 0 0 0 0 0 0 0 0 0 0 0 0 0 0 0 0 0 11 9 8 0 0 0 0 0 0 0 0 0 0 0 0 0 0 0 0 0 10 13 21 20 0 0 21 29 40 23 23 22 28 22 27 13 22 17 0 0 0 0 0 
0 0 0 0 0 0 0 0 0 0 0 0 0 0 0 0 0 0 11 9 8 0 0 0 0 0 0 0 0 0 0 0 0 0 0 0 0 0 10 13 21 20 0 0 21 29 40 23 23 22 28 22 27 13 22 17 0 0 0 0 0 
0 0 0 0 0 0 0 0 0 0 0 0 0 0 0 0 0 0 11 9 8 0 0 0 0 0 0 0 0 0 0 0 0 0 0 0 0 0 10 13 22 21 0 0 20 23 39 37 29 33 29 33 29 13 23 18 0 0 0 0 0 
0 0 0 0 0 0 0 0 0 0 0 0 0 0 0 0 0 0 11 9 8 0 0 0 0 0 0 0 0 0 0 0 0 0 0 0 0 0 10 13 22 21 0 0 20 23 39 37 29 33 29 33 29 13 23 18 0 0 0 0 0 
0 0 0 0 0 0 0 0 0 0 0 0 0 0 0 0 0 0 11 9 8 0 0 0 0 0 0 0 0 0 0 0 0 0 0 0 0 0 10 13 22 21 0 0 20 23 39 37 29 33 29 33 29 13 23 18 0 0 0 0 0 
0 0 0 0 0 0 0 0 0 0 0 0 0 0 0 0 0 0 11 9 8 0 0 0 0 0 0 0 0 0 0 0 0 0 0 0 0 0 10 12 21 20 0 0 20 30 38 37 29 33 28 34 28 13 23 18 0 0 0 0 0 
0 0 0 0 0 0 0 0 0 0 0 0 0 0 0 0 0 0 11 9 8 0 0 0 0 0 0 0 0 0 0 0 0 0 0 0 0 0 10 12 21 20 0 0 20 30 38 37 29 33 28 34 28 13 23 18 0 0 0 0 0 
0 0 0 0 0 0 0 0 0 0 0 0 0 0 0 0 0 0 11 9 8 0 0 0 0 0 0 0 0 0 0 0 0 0 0 0 0 0 10 12 21 20 0 0 20 30 38 37 29 33 28 34 28 13 23 18 0 0 0 0 0 
0 0 0 0 0 0 0 0 0 0 0 0 0 0 0 0 0 0 11 9 8 0 0 0 0 0 0 0 0 0 0 0 0 0 0 0 0 0 10 11 22 21 0 0 21 30 40 38 27 33 28 33 27 12 23 18 0 0 0 0 0 
0 0 0 0 0 0 0 0 0 0 0 0 0 0 0 0 0 0 11 9 8 0 0 0 0 0 0 0 0 0 0 0 0 0 0 0 0 0 10 11 22 21 0 0 21 30 40 38 27 33 28 33 27 12 23 18 0 0 0 0 0 
0 0 0 0 0 0 0 0 0 0 0 0 0 0 0 0 0 0 11 9 8 0 0 0 0 0 0 0 0 0 0 0 0 0 0 0 0 0 10 11 22 21 0 0 21 30 40 38 27 33 28 33 27 12 23 18 0 0 0 0 0 
0 0 0 0 0 0 0 0 0 0 0 0 0 0 0 0 0 0 11 9 8 0 0 0 0 0 0 0 0 0 0 0 0 0 0 0 0 0 10 13 19 21 0 0 21 31 40 38 29 33 28 28 32 12 23 18 0 0 0 0 0 
0 0 0 0 0 0 0 0 0 0 0 0 0 0 0 0 0 0 11 9 8 0 0 0 0 0 0 0 0 0 0 0 0 0 0 0 0 0 10 13 19 21 0 0 21 31 40 38 29 33 28 28 32 12 23 18 0 0 0 0 0 
0 0 0 0 0 0 0 0 0 0 0 0 0 0 0 0 0 0 11 9 8 0 0 0 0 0 0 0 0 0 0 0 0 0 0 0 0 0 10 13 19 21 0 0 21 31 40 38 29 33 28 28 32 12 23 18 0 0 0 0 0 
0 0 0 0 0 0 0 0 0 0 0 0 0 0 0 0 0 0 11 9 8 0 0 0 0 0 0 0 0 0 0 0 0 0 0 0 0 0 10 13 19 21 16 0 20 30 40 37 24 38 23 33 30 14 24 13 0 0 0 0 0 
0 0 0 0 0 0 0 0 0 0 0 0 0 0 0 0 0 0 11 9 8 0 0 0 0 0 0 0 0 0 0 0 0 0 0 0 0 0 10 13 19 21 16 0 20 30 40 37 24 38 23 33 30 14 24 13 0 0 0 0 0 
0 0 0 0 0 0 0 0 0 0 0 0 0 0 0 0 0 0 11 9 8 0 0 0 0 0 0 0 0 0 0 0 0 0 0 0 0 0 10 13 19 21 16 0 20 30 40 37 24 38 23 33 30 14 24 13 0 0 0 0 0 
0 0 0 0 0 0 0 0 0 0 0 0 0 0 0 0 0 0 11 9 8 0 0 0 0 0 0 0 0 0 0 0 0 0 0 0 0 0 10 13 23 20 16 0 21 29 40 39 30 13 11 35 28 11 24 17 0 0 0 0 0 
0 0 0 0 0 0 0 0 0 0 0 0 0 0 0 0 0 0 11 9 8 0 0 0 0 0 0 0 0 0 0 0 0 0 0 0 0 0 10 13 23 20 16 0 21 29 40 39 30 13 11 35 28 11 24 17 0 0 0 0 0 
0 0 0 0 0 0 0 0 0 0 0 0 0 0 0 0 0 0 11 9 8 0 0 0 0 0 0 0 0 0 0 0 0 0 0 0 0 0 10 13 23 20 16 0 21 29 40 39 30 13 11 35 28 11 24 17 0 0 0 0 0 
0 0 0 0 0 0 0 0 0 0 0 0 0 0 0 0 0 0 11 11 8 0 0 0 0 0 0 0 0 0 0 0 0 0 0 0 0 0 10 13 23 20 16 0 21 30 40 37 27 34 28 33 29 13 24 17 0 0 0 0 0 
0 0 0 0 0 0 0 0 0 0 0 0 0 0 0 0 0 0 11 11 8 0 0 0 0 0 0 0 0 0 0 0 0 0 0 0 0 0 10 13 23 20 16 0 21 30 40 37 27 34 28 33 29 13 24 17 0 0 0 0 0 
0 0 0 0 0 0 0 0 0 0 0 0 0 0 0 0 0 0 11 11 8 0 0 0 0 0 0 0 0 0 0 0 0 0 0 0 0 0 10 13 23 20 16 0 21 30 40 37 27 34 28 33 29 13 24 17 0 0 0 0 0 
0 0 0 0 0 0 0 0 0 0 0 0 0 0 0 0 0 0 11 11 8 0 0 0 0 0 0 0 0 0 0 0 0 0 0 0 0 0 10 12 22 20 16 0 20 30 40 23 29 31 27 32 30 13 7 11 0 0 0 0 0 
0 0 0 0 0 0 0 0 0 0 0 0 0 0 0 0 0 0 11 11 8 0 0 0 0 0 0 0 0 0 0 0 0 0 0 0 0 0 10 12 22 20 16 0 20 30 40 23 29 31 27 32 30 13 7 11 0 0 0 0 0 
0 0 0 0 0 0 0 0 0 0 0 0 0 0 0 0 0 0 11 11 8 0 0 0 0 0 0 0 0 0 0 0 0 0 0 0 0 0 10 12 22 20 16 0 20 30 40 23 29 31 27 32 30 13 7 11 0 0 0 0 0 
0 0 0 0 0 0 0 0 0 0 0 0 0 0 0 0 0 0 11 11 8 0 0 0 0 0 0 0 0 0 0 0 0 0 0 0 0 0 10 13 20 20 16 0 21 30 39 38 28 32 29 33 27 14 26 17 0 0 0 0 0 
0 0 0 0 0 0 0 0 0 0 0 0 0 0 0 0 0 0 11 11 8 0 0 0 0 0 0 0 0 0 0 0 0 0 0 0 0 0 10 13 20 20 16 0 21 30 39 38 28 32 29 33 27 14 26 17 0 0 0 0 0 
0 0 0 0 0 0 0 0 0 0 0 0 0 0 0 0 0 0 11 11 8 0 0 0 0 0 0 0 0 0 0 0 0 0 0 0 0 0 10 13 20 20 16 0 21 30 39 38 28 32 29 33 27 14 26 17 0 0 0 0 0 
0 0 0 0 0 0 0 0 0 0 0 0 0 0 0 0 0 0 11 11 8 0 0 0 0 0 0 0 0 0 0 0 0 0 0 0 0 0 10 12 23 20 16 0 21 30 40 38 14 32 29 33 11 14 23 18 0 0 0 0 0 
0 0 0 0 0 0 0 0 0 0 0 0 0 0 0 0 0 0 11 11 8 0 0 0 0 0 0 0 0 0 0 0 0 0 0 0 0 0 10 12 23 20 16 0 21 30 40 38 14 32 29 33 11 14 23 18 0 0 0 0 0 
0 0 0 0 0 0 0 0 0 0 0 0 0 0 0 0 0 0 11 11 8 0 0 0 0 0 0 0 0 0 0 0 0 0 0 0 0 0 10 12 23 20 16 0 21 30 40 38 14 32 29 33 11 14 23 18 0 0 0 0 0 
0 0 0 0 0 0 0 0 0 0 0 0 0 0 0 0 0 0 12 11 8 0 0 0 0 0 0 0 0 0 0 0 0 0 0 0 0 0 10 13 22 19 16 0 21 18 39 7 30 32 29 13 27 14 23 18 0 0 0 0 0 
0 0 0 0 0 0 0 0 0 0 0 0 0 0 0 0 0 0 12 11 8 0 0 0 0 0 0 0 0 0 0 0 0 0 0 0 0 0 10 13 22 19 16 0 21 18 39 7 30 32 29 13 27 14 23 18 0 0 0 0 0 
0 0 0 0 0 0 0 0 0 0 0 0 0 0 0 0 0 0 12 11 8 0 0 0 0 0 0 0 0 0 0 0 0 0 0 0 0 0 10 13 22 19 16 0 21 18 39 7 30 32 29 13 27 14 23 18 0 0 0 0 0 
0 0 0 0 0 0 0 0 0 0 0 0 0 0 0 0 0 0 11 9 8 0 0 0 0 0 0 0 0 0 0 0 0 0 0 0 0 0 10 13 22 19 16 0 21 29 39 25 27 14 29 35 29 14 23 17 0 0 0 0 0 
0 0 0 0 0 0 0 0 0 0 0 0 0 0 0 0 0 0 11 9 8 0 0 0 0 0 0 0 0 0 0 0 0 0 0 0 0 0 10 13 22 19 16 0 21 29 39 25 27 14 29 35 29 14 23 17 0 0 0 0 0 
0 0 0 0 0 0 0 0 0 0 0 0 0 0 0 0 0 0 11 9 8 0 0 0 0 0 0 0 0 0 0 0 0 0 0 0 0 0 10 13 22 19 16 0 21 29 39 25 27 14 29 35 29 14 23 17 0 0 0 0 0 
0 0 0 0 0 0 0 0 0 0 0 0 0 0 0 0 0 0 11 9 8 0 0 0 0 0 0 0 0 0 0 0 0 0 0 0 0 0 11 10 22 19 16 0 20 34 40 38 28 31 28 11 27 14 23 14 0 0 0 0 0 
0 0 0 0 0 0 0 0 0 0 0 0 0 0 0 0 0 0 11 9 8 0 0 0 0 0 0 0 0 0 0 0 0 0 0 0 0 0 11 10 22 19 16 0 20 34 40 38 28 31 28 11 27 14 23 14 0 0 0 0 0 
0 0 0 0 0 0 0 0 0 0 0 0 0 0 0 0 0 0 11 9 8 0 0 0 0 0 0 0 0 0 0 0 0 0 0 0 0 0 11 10 22 19 16 0 20 34 40 38 28 31 28 11 27 14 23 14 0 0 0 0 0 
0 0 0 0 0 0 0 0 0 0 0 0 0 0 0 0 0 0 11 9 8 0 0 0 0 0 0 0 0 0 0 0 0 0 0 0 0 0 11 12 22 19 16 0 21 32 40 41 27 33 9 31 27 14 26 18 0 0 0 0 0 
0 0 0 0 0 0 0 0 0 0 0 0 0 0 0 0 0 0 11 9 8 0 0 0 0 0 0 0 0 0 0 0 0 0 0 0 0 0 11 12 22 19 16 0 21 32 40 41 27 33 9 31 27 14 26 18 0 0 0 0 0 
0 0 0 0 0 0 0 0 0 0 0 0 0 0 0 0 0 0 11 9 8 0 0 0 0 0 0 0 0 0 0 0 0 0 0 0 0 0 11 12 22 19 16 0 21 32 40 41 27 33 9 31 27 14 26 18 0 0 0 0 0 
0 0 0 0 0 0 0 0 0 0 0 0 0 0 0 0 0 0 10 9 8 0 0 0 0 0 0 0 0 0 0 0 0 0 0 0 0 0 11 12 22 19 16 0 21 31 40 14 30 34 29 33 28 12 20 18 0 0 0 0 0 
0 0 0 0 0 0 0 0 0 0 0 0 0 0 0 0 0 0 10 9 8 0 0 0 0 0 0 0 0 0 0 0 0 0 0 0 0 0 11 12 22 19 16 0 21 31 40 14 30 34 29 33 28 12 20 18 0 0 0 0 0 
0 0 0 0 0 0 0 0 0 0 0 0 0 0 0 0 0 0 10 9 8 0 0 0 0 0 0 0 0 0 0 0 0 0 0 0 0 0 11 12 22 19 16 0 21 31 40 14 30 34 29 33 28 12 20 18 0 0 0 0 0 
0 0 0 0 0 0 0 0 0 0 0 0 0 0 0 0 0 0 10 9 8 0 0 0 0 0 0 0 0 0 0 0 0 0 0 0 0 0 11 12 21 20 16 0 20 30 40 38 29 31 30 33 26 16 25 19 0 0 0 0 0 
0 0 0 0 0 0 0 0 0 0 0 0 0 0 0 0 0 0 10 9 8 0 0 0 0 0 0 0 0 0 0 0 0 0 0 0 0 0 11 12 21 20 16 0 20 30 40 38 29 31 30 33 26 16 25 19 0 0 0 0 0 
0 0 0 0 0 0 0 0 0 0 0 0 0 0 0 0 0 0 10 9 8 0 0 0 0 0 0 0 0 0 0 0 0 0 0 0 0 0 11 12 21 20 16 0 20 30 40 38 29 31 30 33 26 16 25 19 0 0 0 0 0 
0 0 0 0 0 0 0 0 0 0 0 0 0 0 0 0 0 0 11 8 8 0 0 0 0 0 0 0 0 0 0 0 0 0 0 0 0 0 11 14 21 20 16 0 20 31 40 37 28 30 30 23 27 12 25 19 0 0 0 0 0 
0 0 0 0 0 0 0 0 0 0 0 0 0 0 0 0 0 0 11 8 8 0 0 0 0 0 0 0 0 0 0 0 0 0 0 0 0 0 11 14 21 20 16 0 20 31 40 37 28 30 30 23 27 12 25 19 0 0 0 0 0 
0 0 0 0 0 0 0 0 0 0 0 0 0 0 0 0 0 0 11 8 8 0 0 0 0 0 0 0 0 0 0 0 0 0 0 0 0 0 11 14 21 20 16 0 20 31 40 37 28 30 30 23 27 12 25 19 0 0 0 0 0 
0 0 0 0 0 0 0 0 0 0 0 0 0 0 0 0 0 0 11 7 8 0 0 0 0 0 0 0 0 0 0 0 0 0 0 0 0 0 9 12 18 21 16 0 17 11 40 39 31 9 29 34 28 14 26 18 0 0 0 0 0 
0 0 0 0 0 0 0 0 0 0 0 0 0 0 0 0 0 0 11 7 8 0 0 0 0 0 0 0 0 0 0 0 0 0 0 0 0 0 9 12 18 21 16 0 17 11 40 39 31 9 29 34 28 14 26 18 0 0 0 0 0 
0 0 0 0 0 0 0 0 0 0 0 0 0 0 0 0 0 0 11 7 8 0 0 0 0 0 0 0 0 0 0 0 0 0 0 0 0 0 9 12 18 21 16 0 17 11 40 39 31 9 29 34 28 14 26 18 0 0 0 0 0 
0 0 0 0 0 0 0 0 0 0 0 0 0 0 0 0 0 0 10 7 8 0 0 0 0 0 0 0 0 0 0 0 0 0 0 0 0 0 9 12 21 20 16 0 20 29 40 38 32 31 31 33 28 13 26 19 0 0 0 0 0 
0 0 0 0 0 0 0 0 0 0 0 0 0 0 0 0 0 0 10 7 8 0 0 0 0 0 0 0 0 0 0 0 0 0 0 0 0 0 9 12 21 20 16 0 20 29 40 38 32 31 31 33 28 13 26 19 0 0 0 0 0 
0 0 0 0 0 0 0 0 0 0 0 0 0 0 0 0 0 0 10 7 8 0 0 0 0 0 0 0 0 0 0 0 0 0 0 0 0 0 9 12 21 20 16 0 20 29 40 38 32 31 31 33 28 13 26 19 0 0 0 0 0 
0 0 0 0 0 0 0 0 0 0 0 0 0 0 0 0 0 0 12 7 8 0 0 0 0 0 0 0 0 0 0 0 0 0 0 0 0 0 9 12 21 20 16 0 20 30 40 11 27 31 29 34 30 13 22 18 0 0 0 0 0 
0 0 0 0 0 0 0 0 0 0 0 0 0 0 0 0 0 0 12 7 8 0 0 0 0 0 0 0 0 0 0 0 0 0 0 0 0 0 9 12 21 20 16 0 20 30 40 11 27 31 29 34 30 13 22 18 0 0 0 0 0 
0 0 0 0 0 0 0 0 0 0 0 0 0 0 0 0 0 0 12 7 8 0 0 0 0 0 0 0 0 0 0 0 0 0 0 0 0 0 9 12 21 20 16 0 20 30 40 11 27 31 29 34 30 13 22 18 0 0 0 0 0 
