
0 0 0 0 0 0 0 0 0 0 0 0 0 0 0 0 0 0 9 0 0 0 0 0 0 0 0 0 0 0 0 0 0 0 0 0 0 0 0 10 18 17 0 0 16 27 35 35 27 27 26 32 16 0 14 0 0 0 0 0 0 
0 0 0 0 0 0 0 0 0 0 0 0 0 0 0 0 0 0 9 0 0 0 0 0 0 0 0 0 0 0 0 0 0 0 0 0 0 0 0 10 18 17 0 0 16 27 35 35 27 27 26 32 16 0 14 0 0 0 0 0 0 
0 0 0 0 0 0 0 0 0 0 0 0 0 0 0 0 0 0 9 0 0 0 0 0 0 0 0 0 0 0 0 0 0 0 0 0 0 0 0 10 18 17 0 0 16 27 35 35 27 27 26 32 16 0 14 0 0 0 0 0 0 
0 0 0 0 0 0 0 0 0 0 0 0 0 0 0 0 0 0 9 0 0 0 0 0 0 0 0 0 0 0 0 0 0 0 0 0 0 0 0 12 18 17 0 0 26 30 33 23 34 38 27 16 24 0 18 10 0 0 0 0 0 
0 0 0 0 0 0 0 0 0 0 0 0 0 0 0 0 0 0 9 0 0 0 0 0 0 0 0 0 0 0 0 0 0 0 0 0 0 0 0 12 18 17 0 0 26 30 33 23 34 38 27 16 24 0 18 10 0 0 0 0 0 
0 0 0 0 0 0 0 0 0 0 0 0 0 0 0 0 0 0 9 0 0 0 0 0 0 0 0 0 0 0 0 0 0 0 0 0 0 0 0 12 18 17 0 0 26 30 33 23 34 38 27 16 24 0 18 10 0 0 0 0 0 
0 0 0 0 0 0 0 0 0 0 0 0 0 0 0 0 0 0 9 0 0 0 0 0 0 0 0 0 0 0 0 0 0 0 0 0 0 0 0 12 18 17 0 0 30 30 42 28 34 38 16 31 23 0 18 11 0 0 0 0 0 
0 0 0 0 0 0 0 0 0 0 0 0 0 0 0 0 0 0 9 0 0 0 0 0 0 0 0 0 0 0 0 0 0 0 0 0 0 0 0 12 18 17 0 0 30 30 42 28 34 38 16 31 23 0 18 11 0 0 0 0 0 
0 0 0 0 0 0 0 0 0 0 0 0 0 0 0 0 0 0 9 0 0 0 0 0 0 0 0 0 0 0 0 0 0 0 0 0 0 0 0 12 18 17 0 0 30 30 42 28 34 38 16 31 23 0 18 11 0 0 0 0 0 
0 0 0 0 0 0 0 0 0 0 0 0 0 0 0 0 9 0 11 0 0 0 0 0 0 0 0 0 0 0 0 0 0 0 0 0 0 0 0 13 16 15 11 0 30 14 41 28 34 8 7 31 17 0 17 14 0 0 0 0 0 
0 0 0 0 0 0 0 0 0 0 0 0 0 0 0 0 9 0 11 0 0 0 0 0 0 0 0 0 0 0 0 0 0 0 0 0 0 0 0 13 16 15 11 0 30 14 41 28 34 8 7 31 17 0 17 14 0 0 0 0 0 
0 0 0 0 0 0 0 0 0 0 0 0 0 0 0 0 9 0 11 0 0 0 0 0 0 0 0 0 0 0 0 0 0 0 0 0 0 0 0 13 16 15 11 0 30 14 41 28 34 8 7 31 17 0 17 14 0 0 0 0 0 
0 0 0 0 0 0 0 0 0 0 0 0 0 0 0 0 9 0 12 0 0 0 0 0 0 0 0 0 0 0 0 0 0 0 0 0 0 0 0 13 16 16 8 0 29 34 41 24 30 40 28 26 24 9 16 13 0 0 0 0 0 
0 0 0 0 0 0 0 0 0 0 0 0 0 0 0 0 9 0 12 0 0 0 0 0 0 0 0 0 0 0 0 0 0 0 0 0 0 0 0 13 16 16 8 0 29 34 41 24 30 40 28 26 24 9 16 13 0 0 0 0 0 
0 0 0 0 0 0 0 0 0 0 0 0 0 0 0 0 9 0 12 0 0 0 0 0 0 0 0 0 0 0 0 0 0 0 0 0 0 0 0 13 16 16 8 0 29 34 41 24 30 40 28 26 24 9 16 13 0 0 0 0 0 
0 0 0 0 0 0 0 0 0 0 0 0 0 0 0 0 9 0 12 0 0 0 0 0 0 0 0 0 0 0 0 0 0 0 0 0 0 0 13 13 16 16 8 0 27 35 42 25 34 38 10 30 22 9 16 13 0 0 0 0 0 
0 0 0 0 0 0 0 0 0 0 0 0 0 0 0 0 9 0 12 0 0 0 0 0 0 0 0 0 0 0 0 0 0 0 0 0 0 0 13 13 16 16 8 0 27 35 42 25 34 38 10 30 22 9 16 13 0 0 0 0 0 
0 0 0 0 0 0 0 0 0 0 0 0 0 0 0 0 9 0 12 0 0 0 0 0 0 0 0 0 0 0 0 0 0 0 0 0 0 0 13 13 16 16 8 0 27 35 42 25 34 38 10 30 22 9 16 13 0 0 0 0 0 
0 0 0 0 0 0 0 0 0 0 0 0 0 0 0 0 9 0 13 0 0 0 0 0 0 0 0 0 0 0 0 0 0 0 0 0 0 0 13 12 18 16 13 0 27 32 42 29 35 26 28 27 23 9 16 14 0 0 0 0 0 
0 0 0 0 0 0 0 0 0 0 0 0 0 0 0 0 9 0 13 0 0 0 0 0 0 0 0 0 0 0 0 0 0 0 0 0 0 0 13 12 18 16 13 0 27 32 42 29 35 26 28 27 23 9 16 14 0 0 0 0 0 
0 0 0 0 0 0 0 0 0 0 0 0 0 0 0 0 9 0 13 0 0 0 0 0 0 0 0 0 0 0 0 0 0 0 0 0 0 0 13 12 18 16 13 0 27 32 42 29 35 26 28 27 23 9 16 14 0 0 0 0 0 
0 0 0 0 0 0 0 0 0 0 0 0 0 0 0 0 9 0 13 0 0 0 0 0 0 0 0 0 0 0 0 0 0 0 0 0 0 0 13 12 18 16 13 0 31 33 41 24 34 39 29 32 23 9 16 14 0 0 0 0 0 
0 0 0 0 0 0 0 0 0 0 0 0 0 0 0 0 9 0 13 0 0 0 0 0 0 0 0 0 0 0 0 0 0 0 0 0 0 0 13 12 18 16 13 0 31 33 41 24 34 39 29 32 23 9 16 14 0 0 0 0 0 
0 0 0 0 0 0 0 0 0 0 0 0 0 0 0 0 9 0 13 0 0 0 0 0 0 0 0 0 0 0 0 0 0 0 0 0 0 0 13 12 18 16 13 0 31 33 41 24 34 39 29 32 23 9 16 14 0 0 0 0 0 
0 0 0 0 0 0 0 0 0 0 0 0 0 0 0 0 9 0 10 0 0 0 0 0 0 0 0 0 0 0 0 0 0 0 0 0 0 0 12 12 18 16 13 0 27 30 42 28 34 41 30 27 23 9 16 13 0 0 0 0 0 
0 0 0 0 0 0 0 0 0 0 0 0 0 0 0 0 9 0 10 0 0 0 0 0 0 0 0 0 0 0 0 0 0 0 0 0 0 0 12 12 18 16 13 0 27 30 42 28 34 41 30 27 23 9 16 13 0 0 0 0 0 
0 0 0 0 0 0 0 0 0 0 0 0 0 0 0 0 9 0 10 0 0 0 0 0 0 0 0 0 0 0 0 0 0 0 0 0 0 0 12 12 18 16 13 0 27 30 42 28 34 41 30 27 23 9 16 13 0 0 0 0 0 
0 0 0 0 0 0 0 0 0 0 0 0 0 0 0 0 9 0 10 0 0 0 0 0 0 0 0 0 0 0 0 0 0 0 0 0 0 0 12 12 17 16 13 0 27 31 42 28 33 25 28 27 23 9 16 13 0 0 0 0 0 
0 0 0 0 0 0 0 0 0 0 0 0 0 0 0 0 9 0 10 0 0 0 0 0 0 0 0 0 0 0 0 0 0 0 0 0 0 0 12 12 17 16 13 0 27 31 42 28 33 25 28 27 23 9 16 13 0 0 0 0 0 
0 0 0 0 0 0 0 0 0 0 0 0 0 0 0 0 9 0 10 0 0 0 0 0 0 0 0 0 0 0 0 0 0 0 0 0 0 0 12 12 17 16 13 0 27 31 42 28 33 25 28 27 23 9 16 13 0 0 0 0 0 
0 0 0 0 0 0 0 0 0 0 0 0 0 0 0 0 9 0 10 0 0 0 0 0 0 0 0 0 0 0 0 0 0 0 0 0 0 0 12 13 16 15 13 0 27 32 41 29 34 38 13 9 15 9 18 12 0 0 0 0 0 
0 0 0 0 0 0 0 0 0 0 0 0 0 0 0 0 9 0 10 0 0 0 0 0 0 0 0 0 0 0 0 0 0 0 0 0 0 0 12 13 16 15 13 0 27 32 41 29 34 38 13 9 15 9 18 12 0 0 0 0 0 
0 0 0 0 0 0 0 0 0 0 0 0 0 0 0 0 9 0 10 0 0 0 0 0 0 0 0 0 0 0 0 0 0 0 0 0 0 0 12 13 16 15 13 0 27 32 41 29 34 38 13 9 15 9 18 12 0 0 0 0 0 
0 0 0 0 0 0 0 0 0 0 0 0 0 0 0 0 9 0 11 0 0 0 0 0 0 0 0 0 0 0 0 0 0 0 0 0 0 0 12 13 16 13 12 0 28 30 36 26 13 38 25 22 23 9 22 13 0 0 0 0 0 
0 0 0 0 0 0 0 0 0 0 0 0 0 0 0 0 9 0 11 0 0 0 0 0 0 0 0 0 0 0 0 0 0 0 0 0 0 0 12 13 16 13 12 0 28 30 36 26 13 38 25 22 23 9 22 13 0 0 0 0 0 
0 0 0 0 0 0 0 0 0 0 0 0 0 0 0 0 9 0 11 0 0 0 0 0 0 0 0 0 0 0 0 0 0 0 0 0 0 0 12 13 16 13 12 0 28 30 36 26 13 38 25 22 23 9 22 13 0 0 0 0 0 
0 0 0 0 0 0 0 0 0 0 0 0 0 0 0 0 9 0 11 0 0 0 0 0 0 0 0 0 0 0 0 0 0 0 0 0 0 0 12 11 16 16 12 0 28 23 40 27 36 9 9 15 23 9 18 14 0 0 0 0 0 
0 0 0 0 0 0 0 0 0 0 0 0 0 0 0 0 9 0 11 0 0 0 0 0 0 0 0 0 0 0 0 0 0 0 0 0 0 0 12 11 16 16 12 0 28 23 40 27 36 9 9 15 23 9 18 14 0 0 0 0 0 
0 0 0 0 0 0 0 0 0 0 0 0 0 0 0 0 9 0 11 0 0 0 0 0 0 0 0 0 0 0 0 0 0 0 0 0 0 0 12 11 16 16 12 0 28 23 40 27 36 9 9 15 23 9 18 14 0 0 0 0 0 
0 0 0 0 0 0 0 0 0 0 0 0 0 0 0 0 9 0 12 0 0 0 0 0 0 0 0 0 0 0 0 0 0 0 0 0 0 0 12 13 17 14 12 0 27 28 41 25 38 40 28 25 23 9 19 11 0 0 0 0 0 
0 0 0 0 0 0 0 0 0 0 0 0 0 0 0 0 9 0 12 0 0 0 0 0 0 0 0 0 0 0 0 0 0 0 0 0 0 0 12 13 17 14 12 0 27 28 41 25 38 40 28 25 23 9 19 11 0 0 0 0 0 
0 0 0 0 0 0 0 0 0 0 0 0 0 0 0 0 9 0 12 0 0 0 0 0 0 0 0 0 0 0 0 0 0 0 0 0 0 0 12 13 17 14 12 0 27 28 41 25 38 40 28 25 23 9 19 11 0 0 0 0 0 
0 0 0 0 0 0 0 0 0 0 0 0 0 0 0 0 9 0 12 0 0 0 0 0 0 0 0 0 0 0 0 0 0 0 0 0 0 0 12 14 17 14 12 0 22 29 41 25 38 38 30 27 22 9 17 12 0 0 0 0 0 
0 0 0 0 0 0 0 0 0 0 0 0 0 0 0 0 9 0 12 0 0 0 0 0 0 0 0 0 0 0 0 0 0 0 0 0 0 0 12 14 17 14 12 0 22 29 41 25 38 38 30 27 22 9 17 12 0 0 0 0 0 
0 0 0 0 0 0 0 0 0 0 0 0 0 0 0 0 9 0 12 0 0 0 0 0 0 0 0 0 0 0 0 0 0 0 0 0 0 0 12 14 17 14 12 0 22 29 41 25 38 38 30 27 22 9 17 12 0 0 0 0 0 
0 0 0 0 0 0 0 0 0 0 0 0 0 0 0 0 9 0 12 0 0 0 0 0 0 0 0 0 0 0 0 0 0 0 0 0 0 0 12 14 17 14 12 0 27 30 20 25 34 13 29 26 25 9 18 12 0 0 0 0 0 
0 0 0 0 0 0 0 0 0 0 0 0 0 0 0 0 9 0 12 0 0 0 0 0 0 0 0 0 0 0 0 0 0 0 0 0 0 0 12 14 17 14 12 0 27 30 20 25 34 13 29 26 25 9 18 12 0 0 0 0 0 
0 0 0 0 0 0 0 0 0 0 0 0 0 0 0 0 9 0 12 0 0 0 0 0 0 0 0 0 0 0 0 0 0 0 0 0 0 0 12 14 17 14 12 0 27 30 20 25 34 13 29 26 25 9 18 12 0 0 0 0 0 
0 0 0 0 0 0 0 0 0 0 0 0 0 0 0 0 9 0 12 0 0 0 0 0 0 0 0 0 0 0 0 0 0 0 0 0 0 0 12 14 16 15 12 0 28 26 42 26 33 22 29 25 22 9 20 15 0 0 0 0 0 
0 0 0 0 0 0 0 0 0 0 0 0 0 0 0 0 9 0 12 0 0 0 0 0 0 0 0 0 0 0 0 0 0 0 0 0 0 0 12 14 16 15 12 0 28 26 42 26 33 22 29 25 22 9 20 15 0 0 0 0 0 
0 0 0 0 0 0 0 0 0 0 0 0 0 0 0 0 9 0 12 0 0 0 0 0 0 0 0 0 0 0 0 0 0 0 0 0 0 0 12 14 16 15 12 0 28 26 42 26 33 22 29 25 22 9 20 15 0 0 0 0 0 
0 0 0 0 0 0 0 0 0 0 0 0 0 0 0 0 9 0 12 0 0 0 0 0 0 0 0 0 0 0 0 0 0 0 0 0 0 0 12 14 16 15 12 0 28 30 41 25 35 38 32 9 22 8 18 15 0 0 0 0 0 
0 0 0 0 0 0 0 0 0 0 0 0 0 0 0 0 9 0 12 0 0 0 0 0 0 0 0 0 0 0 0 0 0 0 0 0 0 0 12 14 16 15 12 0 28 30 41 25 35 38 32 9 22 8 18 15 0 0 0 0 0 
0 0 0 0 0 0 0 0 0 0 0 0 0 0 0 0 9 0 12 0 0 0 0 0 0 0 0 0 0 0 0 0 0 0 0 0 0 0 12 14 16 15 12 0 28 30 41 25 35 38 32 9 22 8 18 15 0 0 0 0 0 
0 0 0 0 0 0 0 0 0 0 0 0 0 0 0 0 8 0 12 0 0 0 0 0 0 0 0 0 0 0 0 0 0 0 0 0 0 0 12 14 17 13 12 0 26 30 40 25 35 38 28 27 23 8 21 15 0 0 0 0 0 
0 0 0 0 0 0 0 0 0 0 0 0 0 0 0 0 8 0 12 0 0 0 0 0 0 0 0 0 0 0 0 0 0 0 0 0 0 0 12 14 17 13 12 0 26 30 40 25 35 38 28 27 23 8 21 15 0 0 0 0 0 
0 0 0 0 0 0 0 0 0 0 0 0 0 0 0 0 8 0 12 0 0 0 0 0 0 0 0 0 0 0 0 0 0 0 0 0 0 0 12 14 17 13 12 0 26 30 40 25 35 38 28 27 23 8 21 15 0 0 0 0 0 
0 0 0 0 0 0 0 0 0 0 0 0 0 0 0 0 8 0 12 0 0 0 0 0 0 0 0 0 0 0 0 0 0 0 0 0 0 0 12 12 17 14 12 0 27 30 42 24 35 38 27 16 23 8 19 15 0 0 0 0 0 
0 0 0 0 0 0 0 0 0 0 0 0 0 0 0 0 8 0 12 0 0 0 0 0 0 0 0 0 0 0 0 0 0 0 0 0 0 0 12 12 17 14 12 0 27 30 42 24 35 38 27 16 23 8 19 15 0 0 0 0 0 
0 0 0 0 0 0 0 0 0 0 0 0 0 0 0 0 8 0 12 0 0 0 0 0 0 0 0 0 0 0 0 0 0 0 0 0 0 0 12 12 17 14 12 0 27 30 42 24 35 38 27 16 23 8 19 15 0 0 0 0 0 
0 0 0 0 0 0 0 0 0 0 0 0 0 0 0 0 8 0 10 0 0 0 0 0 0 0 0 0 0 0 0 0 0 0 0 0 0 0 12 12 17 14 12 0 30 9 42 24 36 38 27 27 23 8 18 15 0 0 0 0 0 
0 0 0 0 0 0 0 0 0 0 0 0 0 0 0 0 8 0 10 0 0 0 0 0 0 0 0 0 0 0 0 0 0 0 0 0 0 0 12 12 17 14 12 0 30 9 42 24 36 38 27 27 23 8 18 15 0 0 0 0 0 
0 0 0 0 0 0 0 0 0 0 0 0 0 0 0 0 8 0 10 0 0 0 0 0 0 0 0 0 0 0 0 0 0 0 0 0 0 0 12 12 17 14 12 0 30 9 42 24 36 38 27 27 23 8 18 15 0 0 0 0 0 
0 0 0 0 0 0 0 0 0 0 0 0 0 0 0 0 8 0 10 0 0 0 0 0 0 0 0 0 0 0 0 0 0 0 0 0 0 0 10 12 17 14 12 0 29 31 41 24 24 36 12 25 24 8 18 15 0 0 0 0 0 
0 0 0 0 0 0 0 0 0 0 0 0 0 0 0 0 8 0 10 0 0 0 0 0 0 0 0 0 0 0 0 0 0 0 0 0 0 0 10 12 17 14 12 0 29 31 41 24 24 36 12 25 24 8 18 15 0 0 0 0 0 
0 0 0 0 0 0 0 0 0 0 0 0 0 0 0 0 8 0 10 0 0 0 0 0 0 0 0 0 0 0 0 0 0 0 0 0 0 0 10 12 17 14 12 0 29 31 41 24 24 36 12 25 24 8 18 15 0 0 0 0 0 
0 0 0 0 0 0 0 0 0 0 0 0 0 0 0 0 10 0 11 0 0 0 0 0 0 0 0 0 0 0 0 0 0 0 0 0 0 0 10 12 17 14 14 0 30 13 42 27 27 24 27 25 22 8 17 15 0 0 0 0 0 
0 0 0 0 0 0 0 0 0 0 0 0 0 0 0 0 10 0 11 0 0 0 0 0 0 0 0 0 0 0 0 0 0 0 0 0 0 0 10 12 17 14 14 0 30 13 42 27 27 24 27 25 22 8 17 15 0 0 0 0 0 
0 0 0 0 0 0 0 0 0 0 0 0 0 0 0 0 10 0 11 0 0 0 0 0 0 0 0 0 0 0 0 0 0 0 0 0 0 0 10 12 17 14 14 0 30 13 42 27 27 24 27 25 22 8 17 15 0 0 0 0 0 
0 0 0 0 0 0 0 0 0 0 0 0 0 0 0 0 10 0 11 0 0 0 0 0 0 0 0 0 0 0 0 0 0 0 0 0 0 0 10 12 18 14 14 0 30 30 42 25 27 38 27 27 23 8 17 12 0 0 0 0 0 
0 0 0 0 0 0 0 0 0 0 0 0 0 0 0 0 10 0 11 0 0 0 0 0 0 0 0 0 0 0 0 0 0 0 0 0 0 0 10 12 18 14 14 0 30 30 42 25 27 38 27 27 23 8 17 12 0 0 0 0 0 
0 0 0 0 0 0 0 0 0 0 0 0 0 0 0 0 10 0 11 0 0 0 0 0 0 0 0 0 0 0 0 0 0 0 0 0 0 0 10 12 18 14 14 0 30 30 42 25 27 38 27 27 23 8 17 12 0 0 0 0 0 
0 0 0 0 0 0 0 0 0 0 0 0 0 0 0 0 10 0 11 0 0 0 0 0 0 0 0 0 0 0 0 0 0 0 0 0 0 0 10 12 19 14 13 0 27 13 41 28 34 39 30 26 24 9 17 10 0 0 0 0 0 
0 0 0 0 0 0 0 0 0 0 0 0 0 0 0 0 10 0 11 0 0 0 0 0 0 0 0 0 0 0 0 0 0 0 0 0 0 0 10 12 19 14 13 0 27 13 41 28 34 39 30 26 24 9 17 10 0 0 0 0 0 
0 0 0 0 0 0 0 0 0 0 0 0 0 0 0 0 10 0 11 0 0 0 0 0 0 0 0 0 0 0 0 0 0 0 0 0 0 0 10 12 19 14 13 0 27 13 41 28 34 39 30 26 24 9 17 10 0 0 0 0 0 
0 0 0 0 0 0 0 0 0 0 0 0 0 0 0 0 9 0 9 0 0 0 0 0 0 0 0 0 0 0 0 0 0 0 0 0 0 0 10 13 18 13 13 0 29 29 42 27 35 38 25 26 24 9 17 10 0 0 0 0 0 
0 0 0 0 0 0 0 0 0 0 0 0 0 0 0 0 9 0 9 0 0 0 0 0 0 0 0 0 0 0 0 0 0 0 0 0 0 0 10 13 18 13 13 0 29 29 42 27 35 38 25 26 24 9 17 10 0 0 0 0 0 
0 0 0 0 0 0 0 0 0 0 0 0 0 0 0 0 9 0 9 0 0 0 0 0 0 0 0 0 0 0 0 0 0 0 0 0 0 0 10 13 18 13 13 0 29 29 42 27 35 38 25 26 24 9 17 10 0 0 0 0 0 
0 0 0 0 0 0 0 0 0 0 0 0 0 0 0 0 9 0 9 0 0 0 0 0 0 0 0 0 0 0 0 0 0 0 0 0 0 0 12 13 18 15 14 0 29 30 41 27 35 37 27 26 25 10 17 10 0 0 0 0 0 
0 0 0 0 0 0 0 0 0 0 0 0 0 0 0 0 9 0 9 0 0 0 0 0 0 0 0 0 0 0 0 0 0 0 0 0 0 0 12 13 18 15 14 0 29 30 41 27 35 37 27 26 25 10 17 10 0 0 0 0 0 
0 0 0 0 0 0 0 0 0 0 0 0 0 0 0 0 9 0 9 0 0 0 0 0 0 0 0 0 0 0 0 0 0 0 0 0 0 0 12 13 18 15 14 0 29 30 41 27 35 37 27 26 25 10 17 10 0 0 0 0 0 
0 0 0 0 0 0 0 0 0 0 0 0 0 0 0 0 9 0 9 0 0 0 0 0 0 0 0 0 0 0 0 0 0 0 0 0 0 0 12 13 18 15 14 0 29 32 41 14 35 39 27 26 24 10 17 13 0 0 0 0 0 
0 0 0 0 0 0 0 0 0 0 0 0 0 0 0 0 9 0 9 0 0 0 0 0 0 0 0 0 0 0 0 0 0 0 0 0 0 0 12 13 18 15 14 0 29 32 41 14 35 39 27 26 24 10 17 13 0 0 0 0 0 
0 0 0 0 0 0 0 0 0 0 0 0 0 0 0 0 9 0 9 0 0 0 0 0 0 0 0 0 0 0 0 0 0 0 0 0 0 0 12 13 18 15 14 0 29 32 41 14 35 39 27 26 24 10 17 13 0 0 0 0 0 
0 0 0 0 0 0 0 0 0 0 0 0 0 0 0 0 9 0 10 0 0 0 0 0 0 0 0 0 0 0 0 0 0 0 0 0 0 0 12 13 18 15 14 0 27 30 42 28 34 39 27 12 24 10 17 13 0 0 0 0 0 
0 0 0 0 0 0 0 0 0 0 0 0 0 0 0 0 9 0 10 0 0 0 0 0 0 0 0 0 0 0 0 0 0 0 0 0 0 0 12 13 18 15 14 0 27 30 42 28 34 39 27 12 24 10 17 13 0 0 0 0 0 
0 0 0 0 0 0 0 0 0 0 0 0 0 0 0 0 9 0 10 0 0 0 0 0 0 0 0 0 0 0 0 0 0 0 0 0 0 0 12 13 18 15 14 0 27 30 42 28 34 39 27 12 24 10 17 13 0 0 0 0 0 
0 0 0 0 0 0 0 0 0 0 0 0 0 0 0 0 9 0 12 0 0 0 0 0 0 0 0 0 0 0 0 0 0 0 0 0 0 0 12 13 18 15 14 0 29 30 42 31 37 36 26 26 24 9 19 11 0 0 0 0 0 
0 0 0 0 0 0 0 0 0 0 0 0 0 0 0 0 9 0 12 0 0 0 0 0 0 0 0 0 0 0 0 0 0 0 0 0 0 0 12 13 18 15 14 0 29 30 42 31 37 36 26 26 24 9 19 11 0 0 0 0 0 
0 0 0 0 0 0 0 0 0 0 0 0 0 0 0 0 9 0 12 0 0 0 0 0 0 0 0 0 0 0 0 0 0 0 0 0 0 0 12 13 18 15 14 0 29 30 42 31 37 36 26 26 24 9 19 11 0 0 0 0 0 
0 0 0 0 0 0 0 0 0 0 0 0 0 0 0 0 9 0 12 0 0 0 0 0 0 0 0 0 0 0 0 0 0 0 0 0 0 0 12 13 18 14 14 0 26 33 41 31 35 35 26 29 22 9 16 11 0 0 0 0 0 
0 0 0 0 0 0 0 0 0 0 0 0 0 0 0 0 9 0 12 0 0 0 0 0 0 0 0 0 0 0 0 0 0 0 0 0 0 0 12 13 18 14 14 0 26 33 41 31 35 35 26 29 22 9 16 11 0 0 0 0 0 
0 0 0 0 0 0 0 0 0 0 0 0 0 0 0 0 9 0 12 0 0 0 0 0 0 0 0 0 0 0 0 0 0 0 0 0 0 0 12 13 18 14 14 0 26 33 41 31 35 35 26 29 22 9 16 11 0 0 0 0 0 
0 0 0 0 0 0 0 0 0 0 0 0 0 0 0 0 9 0 13 0 0 0 0 0 0 0 0 0 0 0 0 0 0 0 0 0 0 0 12 13 18 14 14 0 29 31 41 28 35 38 26 25 23 9 18 11 0 0 0 0 0 
0 0 0 0 0 0 0 0 0 0 0 0 0 0 0 0 9 0 13 0 0 0 0 0 0 0 0 0 0 0 0 0 0 0 0 0 0 0 12 13 18 14 14 0 29 31 41 28 35 38 26 25 23 9 18 11 0 0 0 0 0 
0 0 0 0 0 0 0 0 0 0 0 0 0 0 0 0 9 0 13 0 0 0 0 0 0 0 0 0 0 0 0 0 0 0 0 0 0 0 12 13 18 14 14 0 29 31 41 28 35 38 26 25 23 9 18 11 0 0 0 0 0 
0 0 0 0 0 0 0 0 0 0 0 0 0 0 0 0 9 0 13 0 0 0 0 0 0 0 0 0 0 0 0 0 0 0 0 0 0 0 12 13 15 15 14 0 28 31 42 31 29 14 28 29 23 9 19 11 0 0 0 0 0 
0 0 0 0 0 0 0 0 0 0 0 0 0 0 0 0 9 0 13 0 0 0 0 0 0 0 0 0 0 0 0 0 0 0 0 0 0 0 12 13 15 15 14 0 28 31 42 31 29 14 28 29 23 9 19 11 0 0 0 0 0 
0 0 0 0 0 0 0 0 0 0 0 0 0 0 0 0 9 0 13 0 0 0 0 0 0 0 0 0 0 0 0 0 0 0 0 0 0 0 12 13 15 15 14 0 28 31 42 31 29 14 28 29 23 9 19 11 0 0 0 0 0 
