
0 0 0 0 0 0 0 0 0 0 0 0 0 0 0 0 0 0 0 0 0 0 0 0 0 0 0 0 0 0 0 0 10 0 0 0 0 0 22 22 33 32 29 0 22 21 15 21 7 0 7 12 0 0 11 12 0 0 0 0 0 
0 0 0 0 0 0 0 0 0 0 0 0 0 0 0 0 0 0 0 0 0 0 0 0 0 0 0 0 0 0 0 0 10 0 0 0 0 0 22 22 33 32 29 0 22 21 15 21 7 0 7 12 0 0 11 12 0 0 0 0 0 
0 0 0 0 0 0 0 0 0 0 0 0 0 0 0 0 0 0 0 0 0 0 0 0 0 0 0 0 0 0 0 0 10 0 0 0 0 0 22 22 33 32 29 0 22 21 15 21 7 0 7 12 0 0 11 12 0 0 0 0 0 
0 0 0 0 0 0 0 0 0 0 0 0 0 0 0 0 0 0 0 0 0 0 0 0 0 0 0 0 0 0 0 0 10 15 0 0 0 0 31 18 27 33 36 0 22 22 19 15 7 0 17 12 0 0 13 14 0 0 0 0 0 
0 0 0 0 0 0 0 0 0 0 0 0 0 0 0 0 0 0 0 0 0 0 0 0 0 0 0 0 0 0 0 0 10 15 0 0 0 0 31 18 27 33 36 0 22 22 19 15 7 0 17 12 0 0 13 14 0 0 0 0 0 
0 0 0 0 0 0 0 0 0 0 0 0 0 0 0 0 0 0 0 0 0 0 0 0 0 0 0 0 0 0 0 0 10 15 0 0 0 0 31 18 27 33 36 0 22 22 19 15 7 0 17 12 0 0 13 14 0 0 0 0 0 
0 0 0 0 0 0 0 0 0 0 0 0 0 0 0 0 0 0 0 0 0 0 0 0 0 0 0 0 0 0 0 0 10 15 11 0 0 0 31 20 16 33 14 0 21 24 18 11 15 18 15 12 0 0 13 14 0 0 0 0 0 
0 0 0 0 0 0 0 0 0 0 0 0 0 0 0 0 0 0 0 0 0 0 0 0 0 0 0 0 0 0 0 0 10 15 11 0 0 0 31 20 16 33 14 0 21 24 18 11 15 18 15 12 0 0 13 14 0 0 0 0 0 
0 0 0 0 0 0 0 0 0 0 0 0 0 0 0 0 0 0 0 0 0 0 0 0 0 0 0 0 0 0 0 0 10 15 11 0 0 0 31 20 16 33 14 0 21 24 18 11 15 18 15 12 0 0 13 14 0 0 0 0 0 
0 0 0 0 0 0 0 0 0 0 0 0 0 0 0 0 0 0 0 0 0 0 0 0 0 0 0 0 0 0 0 0 10 15 11 0 12 0 31 20 30 33 15 0 19 22 18 14 17 19 15 12 0 0 12 13 0 0 0 0 0 
0 0 0 0 0 0 0 0 0 0 0 0 0 0 0 0 0 0 0 0 0 0 0 0 0 0 0 0 0 0 0 0 10 15 11 0 12 0 31 20 30 33 15 0 19 22 18 14 17 19 15 12 0 0 12 13 0 0 0 0 0 
0 0 0 0 0 0 0 0 0 0 0 0 0 0 0 0 0 0 0 0 0 0 0 0 0 0 0 0 0 0 0 0 10 15 11 0 12 0 31 20 30 33 15 0 19 22 18 14 17 19 15 12 0 0 12 13 0 0 0 0 0 
0 0 0 0 0 0 0 0 0 0 0 0 0 0 0 0 0 0 0 0 0 0 0 0 0 0 0 0 0 0 0 0 10 12 11 0 12 0 31 21 29 31 35 0 20 22 19 17 15 16 15 12 0 0 8 15 0 0 0 0 0 
0 0 0 0 0 0 0 0 0 0 0 0 0 0 0 0 0 0 0 0 0 0 0 0 0 0 0 0 0 0 0 0 10 12 11 0 12 0 31 21 29 31 35 0 20 22 19 17 15 16 15 12 0 0 8 15 0 0 0 0 0 
0 0 0 0 0 0 0 0 0 0 0 0 0 0 0 0 0 0 0 0 0 0 0 0 0 0 0 0 0 0 0 0 10 12 11 0 12 0 31 21 29 31 35 0 20 22 19 17 15 16 15 12 0 0 8 15 0 0 0 0 0 
0 0 0 0 0 0 0 0 0 0 0 0 0 0 0 0 0 0 0 0 0 0 0 0 0 0 0 0 0 0 0 0 10 12 11 0 12 0 31 21 30 31 35 0 22 13 19 17 15 16 16 12 9 0 8 15 0 0 0 0 0 
0 0 0 0 0 0 0 0 0 0 0 0 0 0 0 0 0 0 0 0 0 0 0 0 0 0 0 0 0 0 0 0 10 12 11 0 12 0 31 21 30 31 35 0 22 13 19 17 15 16 16 12 9 0 8 15 0 0 0 0 0 
0 0 0 0 0 0 0 0 0 0 0 0 0 0 0 0 0 0 0 0 0 0 0 0 0 0 0 0 0 0 0 0 10 12 11 0 12 0 31 21 30 31 35 0 22 13 19 17 15 16 16 12 9 0 8 15 0 0 0 0 0 
0 0 0 0 0 0 0 0 0 0 0 0 0 0 0 0 0 0 0 0 0 0 0 0 0 0 0 0 0 0 0 0 10 12 11 0 12 0 16 20 29 33 34 0 19 24 17 17 15 19 15 12 9 0 13 14 0 0 0 0 0 
0 0 0 0 0 0 0 0 0 0 0 0 0 0 0 0 0 0 0 0 0 0 0 0 0 0 0 0 0 0 0 0 10 12 11 0 12 0 16 20 29 33 34 0 19 24 17 17 15 19 15 12 9 0 13 14 0 0 0 0 0 
0 0 0 0 0 0 0 0 0 0 0 0 0 0 0 0 0 0 0 0 0 0 0 0 0 0 0 0 0 0 0 0 10 12 11 0 12 0 16 20 29 33 34 0 19 24 17 17 15 19 15 12 9 0 13 14 0 0 0 0 0 
0 0 0 0 0 0 0 0 0 0 0 0 0 0 0 0 0 0 0 0 0 0 0 0 0 0 0 0 0 0 0 0 10 12 11 0 12 0 15 20 33 17 34 0 19 23 18 17 15 15 18 12 9 0 13 12 0 0 0 0 0 
0 0 0 0 0 0 0 0 0 0 0 0 0 0 0 0 0 0 0 0 0 0 0 0 0 0 0 0 0 0 0 0 10 12 11 0 12 0 15 20 33 17 34 0 19 23 18 17 15 15 18 12 9 0 13 12 0 0 0 0 0 
0 0 0 0 0 0 0 0 0 0 0 0 0 0 0 0 0 0 0 0 0 0 0 0 0 0 0 0 0 0 0 0 10 12 11 0 12 0 15 20 33 17 34 0 19 23 18 17 15 15 18 12 9 0 13 12 0 0 0 0 0 
0 0 0 0 0 0 0 0 0 0 0 0 0 0 0 0 0 0 0 0 0 0 0 0 0 0 0 0 0 0 0 0 10 12 9 0 12 0 31 21 30 34 34 0 19 21 18 15 16 6 17 12 9 0 13 14 0 0 0 0 0 
0 0 0 0 0 0 0 0 0 0 0 0 0 0 0 0 0 0 0 0 0 0 0 0 0 0 0 0 0 0 0 0 10 12 9 0 12 0 31 21 30 34 34 0 19 21 18 15 16 6 17 12 9 0 13 14 0 0 0 0 0 
0 0 0 0 0 0 0 0 0 0 0 0 0 0 0 0 0 0 0 0 0 0 0 0 0 0 0 0 0 0 0 0 10 12 9 0 12 0 31 21 30 34 34 0 19 21 18 15 16 6 17 12 9 0 13 14 0 0 0 0 0 
0 0 0 0 0 0 0 0 0 0 0 0 0 0 0 0 0 0 0 0 0 0 0 0 0 0 0 0 0 0 0 0 10 13 9 0 12 8 32 19 30 33 35 0 19 22 18 20 16 18 17 12 9 0 13 15 0 0 0 0 0 
0 0 0 0 0 0 0 0 0 0 0 0 0 0 0 0 0 0 0 0 0 0 0 0 0 0 0 0 0 0 0 0 10 13 9 0 12 8 32 19 30 33 35 0 19 22 18 20 16 18 17 12 9 0 13 15 0 0 0 0 0 
0 0 0 0 0 0 0 0 0 0 0 0 0 0 0 0 0 0 0 0 0 0 0 0 0 0 0 0 0 0 0 0 10 13 9 0 12 8 32 19 30 33 35 0 19 22 18 20 16 18 17 12 9 0 13 15 0 0 0 0 0 
0 0 0 0 0 0 0 0 0 0 0 0 0 0 0 0 0 0 0 0 0 0 0 0 0 0 0 0 0 0 0 0 10 13 9 0 13 8 31 20 30 34 34 0 19 24 17 15 16 16 16 12 9 0 14 16 0 0 0 0 0 
0 0 0 0 0 0 0 0 0 0 0 0 0 0 0 0 0 0 0 0 0 0 0 0 0 0 0 0 0 0 0 0 10 13 9 0 13 8 31 20 30 34 34 0 19 24 17 15 16 16 16 12 9 0 14 16 0 0 0 0 0 
0 0 0 0 0 0 0 0 0 0 0 0 0 0 0 0 0 0 0 0 0 0 0 0 0 0 0 0 0 0 0 0 10 13 9 0 13 8 31 20 30 34 34 0 19 24 17 15 16 16 16 12 9 0 14 16 0 0 0 0 0 
0 0 0 0 0 0 0 0 0 0 0 0 0 0 0 0 0 0 0 0 0 0 0 0 0 0 0 0 0 0 0 0 10 13 9 0 13 8 31 21 30 34 35 0 19 24 18 15 16 16 17 14 9 0 14 16 0 0 0 0 0 
0 0 0 0 0 0 0 0 0 0 0 0 0 0 0 0 0 0 0 0 0 0 0 0 0 0 0 0 0 0 0 0 10 13 9 0 13 8 31 21 30 34 35 0 19 24 18 15 16 16 17 14 9 0 14 16 0 0 0 0 0 
0 0 0 0 0 0 0 0 0 0 0 0 0 0 0 0 0 0 0 0 0 0 0 0 0 0 0 0 0 0 0 0 10 13 9 0 13 8 31 21 30 34 35 0 19 24 18 15 16 16 17 14 9 0 14 16 0 0 0 0 0 
0 0 0 0 0 0 0 0 0 0 0 0 0 0 0 0 0 0 0 0 0 0 0 0 0 0 0 0 0 0 0 0 10 13 9 0 13 8 30 20 29 35 34 0 20 22 19 16 16 16 17 14 11 0 14 15 0 0 0 0 0 
0 0 0 0 0 0 0 0 0 0 0 0 0 0 0 0 0 0 0 0 0 0 0 0 0 0 0 0 0 0 0 0 10 13 9 0 13 8 30 20 29 35 34 0 20 22 19 16 16 16 17 14 11 0 14 15 0 0 0 0 0 
0 0 0 0 0 0 0 0 0 0 0 0 0 0 0 0 0 0 0 0 0 0 0 0 0 0 0 0 0 0 0 0 10 13 9 0 13 8 30 20 29 35 34 0 20 22 19 16 16 16 17 14 11 0 14 15 0 0 0 0 0 
0 0 0 0 0 0 0 0 0 0 0 0 0 0 0 0 0 0 0 0 0 0 0 0 0 0 0 0 0 0 0 0 10 13 9 0 13 8 31 21 30 33 34 0 19 23 19 16 16 15 17 14 11 0 13 15 0 0 0 0 0 
0 0 0 0 0 0 0 0 0 0 0 0 0 0 0 0 0 0 0 0 0 0 0 0 0 0 0 0 0 0 0 0 10 13 9 0 13 8 31 21 30 33 34 0 19 23 19 16 16 15 17 14 11 0 13 15 0 0 0 0 0 
0 0 0 0 0 0 0 0 0 0 0 0 0 0 0 0 0 0 0 0 0 0 0 0 0 0 0 0 0 0 0 0 10 13 9 0 13 8 31 21 30 33 34 0 19 23 19 16 16 15 17 14 11 0 13 15 0 0 0 0 0 
0 0 0 0 0 0 0 0 0 0 0 0 0 0 0 0 0 0 0 0 0 0 0 0 0 0 0 0 0 0 0 0 4 13 9 0 13 8 31 21 30 34 34 0 20 22 18 16 16 15 15 14 11 0 15 15 0 0 0 0 0 
0 0 0 0 0 0 0 0 0 0 0 0 0 0 0 0 0 0 0 0 0 0 0 0 0 0 0 0 0 0 0 0 4 13 9 0 13 8 31 21 30 34 34 0 20 22 18 16 16 15 15 14 11 0 15 15 0 0 0 0 0 
0 0 0 0 0 0 0 0 0 0 0 0 0 0 0 0 0 0 0 0 0 0 0 0 0 0 0 0 0 0 0 0 4 13 9 0 13 8 31 21 30 34 34 0 20 22 18 16 16 15 15 14 11 0 15 15 0 0 0 0 0 
0 0 0 0 0 0 0 0 0 0 0 0 0 0 0 0 0 0 0 0 0 0 0 0 0 0 0 0 0 0 0 0 4 13 9 0 13 8 31 20 14 35 34 0 20 23 17 16 15 15 17 16 11 0 16 14 0 0 0 0 0 
0 0 0 0 0 0 0 0 0 0 0 0 0 0 0 0 0 0 0 0 0 0 0 0 0 0 0 0 0 0 0 0 4 13 9 0 13 8 31 20 14 35 34 0 20 23 17 16 15 15 17 16 11 0 16 14 0 0 0 0 0 
0 0 0 0 0 0 0 0 0 0 0 0 0 0 0 0 0 0 0 0 0 0 0 0 0 0 0 0 0 0 0 0 4 13 9 0 13 8 31 20 14 35 34 0 20 23 17 16 15 15 17 16 11 0 16 14 0 0 0 0 0 
0 0 0 0 0 0 0 0 0 0 0 0 0 0 0 0 0 0 0 0 0 0 0 0 0 0 0 0 0 0 0 0 4 15 10 0 13 8 31 20 29 35 34 0 20 22 18 16 15 17 15 16 11 0 14 15 0 0 0 0 0 
0 0 0 0 0 0 0 0 0 0 0 0 0 0 0 0 0 0 0 0 0 0 0 0 0 0 0 0 0 0 0 0 4 15 10 0 13 8 31 20 29 35 34 0 20 22 18 16 15 17 15 16 11 0 14 15 0 0 0 0 0 
0 0 0 0 0 0 0 0 0 0 0 0 0 0 0 0 0 0 0 0 0 0 0 0 0 0 0 0 0 0 0 0 4 15 10 0 13 8 31 20 29 35 34 0 20 22 18 16 15 17 15 16 11 0 14 15 0 0 0 0 0 
0 0 0 0 0 0 0 0 0 0 0 0 0 0 0 0 0 0 0 0 0 0 0 0 0 0 0 0 0 0 0 0 4 12 10 0 13 8 31 21 29 32 35 0 20 22 18 16 15 15 16 16 11 0 14 16 0 0 0 0 0 
0 0 0 0 0 0 0 0 0 0 0 0 0 0 0 0 0 0 0 0 0 0 0 0 0 0 0 0 0 0 0 0 4 12 10 0 13 8 31 21 29 32 35 0 20 22 18 16 15 15 16 16 11 0 14 16 0 0 0 0 0 
0 0 0 0 0 0 0 0 0 0 0 0 0 0 0 0 0 0 0 0 0 0 0 0 0 0 0 0 0 0 0 0 4 12 10 0 13 8 31 21 29 32 35 0 20 22 18 16 15 15 16 16 11 0 14 16 0 0 0 0 0 
0 0 0 0 0 0 0 0 0 0 0 0 0 0 0 0 0 0 0 0 0 0 0 0 0 0 0 0 0 0 0 0 4 12 10 0 11 8 30 21 30 34 34 0 21 21 19 12 16 15 16 16 11 0 14 16 0 0 0 0 0 
0 0 0 0 0 0 0 0 0 0 0 0 0 0 0 0 0 0 0 0 0 0 0 0 0 0 0 0 0 0 0 0 4 12 10 0 11 8 30 21 30 34 34 0 21 21 19 12 16 15 16 16 11 0 14 16 0 0 0 0 0 
0 0 0 0 0 0 0 0 0 0 0 0 0 0 0 0 0 0 0 0 0 0 0 0 0 0 0 0 0 0 0 0 4 12 10 0 11 8 30 21 30 34 34 0 21 21 19 12 16 15 16 16 11 0 14 16 0 0 0 0 0 
0 0 0 0 0 0 0 0 0 0 0 0 0 0 0 0 0 0 0 0 0 0 0 0 0 0 0 0 0 0 0 0 4 12 10 0 11 8 30 20 15 34 34 0 23 22 18 14 15 15 16 16 11 0 11 16 0 0 0 0 0 
0 0 0 0 0 0 0 0 0 0 0 0 0 0 0 0 0 0 0 0 0 0 0 0 0 0 0 0 0 0 0 0 4 12 10 0 11 8 30 20 15 34 34 0 23 22 18 14 15 15 16 16 11 0 11 16 0 0 0 0 0 
0 0 0 0 0 0 0 0 0 0 0 0 0 0 0 0 0 0 0 0 0 0 0 0 0 0 0 0 0 0 0 0 4 12 10 0 11 8 30 20 15 34 34 0 23 22 18 14 15 15 16 16 11 0 11 16 0 0 0 0 0 
0 0 0 0 0 0 0 0 0 0 0 0 0 0 0 0 0 0 0 0 0 0 0 0 0 0 0 0 0 0 0 0 4 12 10 0 11 8 32 26 30 33 34 0 21 22 18 14 15 15 16 14 11 0 14 14 0 0 0 0 0 
0 0 0 0 0 0 0 0 0 0 0 0 0 0 0 0 0 0 0 0 0 0 0 0 0 0 0 0 0 0 0 0 4 12 10 0 11 8 32 26 30 33 34 0 21 22 18 14 15 15 16 14 11 0 14 14 0 0 0 0 0 
0 0 0 0 0 0 0 0 0 0 0 0 0 0 0 0 0 0 0 0 0 0 0 0 0 0 0 0 0 0 0 0 4 12 10 0 11 8 32 26 30 33 34 0 21 22 18 14 15 15 16 14 11 0 14 14 0 0 0 0 0 
0 0 0 0 0 0 0 0 0 0 0 0 0 0 0 0 0 0 0 0 0 0 0 0 0 0 0 0 0 0 0 0 4 7 10 0 11 8 31 21 31 37 35 0 19 23 19 17 13 15 16 14 11 0 12 14 0 0 0 0 0 
0 0 0 0 0 0 0 0 0 0 0 0 0 0 0 0 0 0 0 0 0 0 0 0 0 0 0 0 0 0 0 0 4 7 10 0 11 8 31 21 31 37 35 0 19 23 19 17 13 15 16 14 11 0 12 14 0 0 0 0 0 
0 0 0 0 0 0 0 0 0 0 0 0 0 0 0 0 0 0 0 0 0 0 0 0 0 0 0 0 0 0 0 0 4 7 10 0 11 8 31 21 31 37 35 0 19 23 19 17 13 15 16 14 11 0 12 14 0 0 0 0 0 
0 0 0 0 0 0 0 0 0 0 0 0 0 0 0 0 0 0 0 0 0 0 0 0 0 0 0 0 0 0 0 0 4 13 11 0 11 9 31 21 29 35 35 0 19 22 16 15 15 18 16 14 11 0 12 15 0 0 0 0 0 
0 0 0 0 0 0 0 0 0 0 0 0 0 0 0 0 0 0 0 0 0 0 0 0 0 0 0 0 0 0 0 0 4 13 11 0 11 9 31 21 29 35 35 0 19 22 16 15 15 18 16 14 11 0 12 15 0 0 0 0 0 
0 0 0 0 0 0 0 0 0 0 0 0 0 0 0 0 0 0 0 0 0 0 0 0 0 0 0 0 0 0 0 0 4 13 11 0 11 9 31 21 29 35 35 0 19 22 16 15 15 18 16 14 11 0 12 15 0 0 0 0 0 
0 0 0 0 0 0 0 0 0 0 0 0 0 0 0 0 0 0 0 0 0 0 0 0 0 0 0 0 0 0 0 0 4 14 11 0 11 9 31 21 30 7 35 0 18 22 16 16 15 16 16 14 11 0 12 15 0 0 0 0 0 
0 0 0 0 0 0 0 0 0 0 0 0 0 0 0 0 0 0 0 0 0 0 0 0 0 0 0 0 0 0 0 0 4 14 11 0 11 9 31 21 30 7 35 0 18 22 16 16 15 16 16 14 11 0 12 15 0 0 0 0 0 
0 0 0 0 0 0 0 0 0 0 0 0 0 0 0 0 0 0 0 0 0 0 0 0 0 0 0 0 0 0 0 0 4 14 11 0 11 9 31 21 30 7 35 0 18 22 16 16 15 16 16 14 11 0 12 15 0 0 0 0 0 
0 0 0 0 0 0 0 0 0 0 0 0 0 0 0 0 0 0 0 0 0 0 0 0 0 0 0 0 0 0 0 0 4 13 11 0 11 9 30 20 13 14 33 0 17 24 18 16 16 15 15 14 11 0 13 15 0 0 0 0 0 
0 0 0 0 0 0 0 0 0 0 0 0 0 0 0 0 0 0 0 0 0 0 0 0 0 0 0 0 0 0 0 0 4 13 11 0 11 9 30 20 13 14 33 0 17 24 18 16 16 15 15 14 11 0 13 15 0 0 0 0 0 
0 0 0 0 0 0 0 0 0 0 0 0 0 0 0 0 0 0 0 0 0 0 0 0 0 0 0 0 0 0 0 0 4 13 11 0 11 9 30 20 13 14 33 0 17 24 18 16 16 15 15 14 11 0 13 15 0 0 0 0 0 
0 0 0 0 0 0 0 0 0 0 0 0 0 0 0 0 0 0 0 0 0 0 0 0 0 0 0 0 0 0 0 0 4 12 11 0 11 9 30 22 29 34 34 0 18 23 17 15 16 15 18 14 11 0 13 15 0 0 0 0 0 
0 0 0 0 0 0 0 0 0 0 0 0 0 0 0 0 0 0 0 0 0 0 0 0 0 0 0 0 0 0 0 0 4 12 11 0 11 9 30 22 29 34 34 0 18 23 17 15 16 15 18 14 11 0 13 15 0 0 0 0 0 
0 0 0 0 0 0 0 0 0 0 0 0 0 0 0 0 0 0 0 0 0 0 0 0 0 0 0 0 0 0 0 0 4 12 11 0 11 9 30 22 29 34 34 0 18 23 17 15 16 15 18 14 11 0 13 15 0 0 0 0 0 
0 0 0 0 0 0 0 0 0 0 0 0 0 0 0 0 0 0 0 0 0 0 0 0 0 0 0 0 0 0 0 0 4 12 11 0 11 9 31 22 29 12 35 0 18 23 18 11 16 18 16 14 11 0 15 14 0 0 0 0 0 
0 0 0 0 0 0 0 0 0 0 0 0 0 0 0 0 0 0 0 0 0 0 0 0 0 0 0 0 0 0 0 0 4 12 11 0 11 9 31 22 29 12 35 0 18 23 18 11 16 18 16 14 11 0 15 14 0 0 0 0 0 
0 0 0 0 0 0 0 0 0 0 0 0 0 0 0 0 0 0 0 0 0 0 0 0 0 0 0 0 0 0 0 0 4 12 11 0 11 9 31 22 29 12 35 0 18 23 18 11 16 18 16 14 11 0 15 14 0 0 0 0 0 
0 0 0 0 0 0 0 0 0 0 0 0 0 0 0 0 0 0 0 0 0 0 0 0 0 0 0 0 0 0 0 0 4 14 11 0 11 9 30 19 29 36 33 0 20 23 18 11 16 15 16 14 11 0 13 14 0 0 0 0 0 
0 0 0 0 0 0 0 0 0 0 0 0 0 0 0 0 0 0 0 0 0 0 0 0 0 0 0 0 0 0 0 0 4 14 11 0 11 9 30 19 29 36 33 0 20 23 18 11 16 15 16 14 11 0 13 14 0 0 0 0 0 
0 0 0 0 0 0 0 0 0 0 0 0 0 0 0 0 0 0 0 0 0 0 0 0 0 0 0 0 0 0 0 0 4 14 11 0 11 9 30 19 29 36 33 0 20 23 18 11 16 15 16 14 11 0 13 14 0 0 0 0 0 
0 0 0 0 0 0 0 0 0 0 0 0 0 0 0 0 0 0 0 0 0 0 0 0 0 0 0 0 0 0 0 0 4 14 11 0 11 9 31 21 28 32 34 0 18 23 19 17 16 18 17 14 11 0 13 15 0 0 0 0 0 
0 0 0 0 0 0 0 0 0 0 0 0 0 0 0 0 0 0 0 0 0 0 0 0 0 0 0 0 0 0 0 0 4 14 11 0 11 9 31 21 28 32 34 0 18 23 19 17 16 18 17 14 11 0 13 15 0 0 0 0 0 
0 0 0 0 0 0 0 0 0 0 0 0 0 0 0 0 0 0 0 0 0 0 0 0 0 0 0 0 0 0 0 0 4 14 11 0 11 9 31 21 28 32 34 0 18 23 19 17 16 18 17 14 11 0 13 15 0 0 0 0 0 
0 0 0 0 0 0 0 0 0 0 0 0 0 0 0 0 0 0 0 0 0 0 0 0 0 0 0 0 0 0 0 0 4 14 11 0 12 9 32 21 29 33 35 0 13 24 7 15 16 13 17 15 11 0 13 14 0 0 0 0 0 
0 0 0 0 0 0 0 0 0 0 0 0 0 0 0 0 0 0 0 0 0 0 0 0 0 0 0 0 0 0 0 0 4 14 11 0 12 9 32 21 29 33 35 0 13 24 7 15 16 13 17 15 11 0 13 14 0 0 0 0 0 
0 0 0 0 0 0 0 0 0 0 0 0 0 0 0 0 0 0 0 0 0 0 0 0 0 0 0 0 0 0 0 0 4 14 11 0 12 9 32 21 29 33 35 0 13 24 7 15 16 13 17 15 11 0 13 14 0 0 0 0 0 
0 0 0 0 0 0 0 0 0 0 0 0 0 0 0 0 0 0 0 0 0 0 0 0 0 0 0 0 0 0 0 0 4 14 10 0 12 9 32 23 31 33 34 0 19 23 7 15 16 16 16 15 11 0 15 14 0 0 0 0 0 
0 0 0 0 0 0 0 0 0 0 0 0 0 0 0 0 0 0 0 0 0 0 0 0 0 0 0 0 0 0 0 0 4 14 10 0 12 9 32 23 31 33 34 0 19 23 7 15 16 16 16 15 11 0 15 14 0 0 0 0 0 
0 0 0 0 0 0 0 0 0 0 0 0 0 0 0 0 0 0 0 0 0 0 0 0 0 0 0 0 0 0 0 0 4 14 10 0 12 9 32 23 31 33 34 0 19 23 7 15 16 16 16 15 11 0 15 14 0 0 0 0 0 
0 0 0 0 0 0 0 0 0 0 0 0 0 0 0 0 0 0 0 0 0 0 0 0 0 0 0 0 0 0 0 0 4 14 10 0 12 9 23 21 30 34 7 0 18 24 16 17 16 16 17 15 11 0 15 14 0 0 0 0 0 
0 0 0 0 0 0 0 0 0 0 0 0 0 0 0 0 0 0 0 0 0 0 0 0 0 0 0 0 0 0 0 0 4 14 10 0 12 9 23 21 30 34 7 0 18 24 16 17 16 16 17 15 11 0 15 14 0 0 0 0 0 
0 0 0 0 0 0 0 0 0 0 0 0 0 0 0 0 0 0 0 0 0 0 0 0 0 0 0 0 0 0 0 0 4 14 10 0 12 9 23 21 30 34 7 0 18 24 16 17 16 16 17 15 11 0 15 14 0 0 0 0 0 
0 0 0 0 0 0 0 0 0 0 0 0 0 0 0 0 0 0 0 0 0 0 0 0 0 0 0 0 0 0 0 0 4 13 10 0 12 9 15 21 28 35 34 0 15 22 18 14 15 17 16 15 11 0 15 14 0 0 0 0 0 
0 0 0 0 0 0 0 0 0 0 0 0 0 0 0 0 0 0 0 0 0 0 0 0 0 0 0 0 0 0 0 0 4 13 10 0 12 9 15 21 28 35 34 0 15 22 18 14 15 17 16 15 11 0 15 14 0 0 0 0 0 
0 0 0 0 0 0 0 0 0 0 0 0 0 0 0 0 0 0 0 0 0 0 0 0 0 0 0 0 0 0 0 0 4 13 10 0 12 9 15 21 28 35 34 0 15 22 18 14 15 17 16 15 11 0 15 14 0 0 0 0 0 
