
0 0 0 0 0 0 0 0 0 0 0 0 0 0 0 0 0 0 0 0 0 0 0 0 0 0 0 0 0 0 0 0 0 14 0 0 0 0 27 21 23 35 35 0 21 18 14 16 0 15 16 15 0 0 11 15 0 0 0 0 0 
0 0 0 0 0 0 0 0 0 0 0 0 0 0 0 0 0 0 0 0 0 0 0 0 0 0 0 0 0 0 0 0 0 14 0 0 0 0 27 21 23 35 35 0 21 18 14 16 0 15 16 15 0 0 11 15 0 0 0 0 0 
0 0 0 0 0 0 0 0 0 0 0 0 0 0 0 0 0 0 0 0 0 0 0 0 0 0 0 0 0 0 0 0 0 14 0 0 0 0 27 21 23 35 35 0 21 18 14 16 0 15 16 15 0 0 11 15 0 0 0 0 0 
0 0 0 0 0 0 0 0 0 0 0 0 0 0 0 0 0 0 0 0 0 0 0 0 0 0 0 0 0 0 0 0 10 9 0 0 0 9 23 28 33 38 12 0 23 11 12 17 16 15 13 15 0 0 15 14 0 0 0 0 0 
0 0 0 0 0 0 0 0 0 0 0 0 0 0 0 0 0 0 0 0 0 0 0 0 0 0 0 0 0 0 0 0 10 9 0 0 0 9 23 28 33 38 12 0 23 11 12 17 16 15 13 15 0 0 15 14 0 0 0 0 0 
0 0 0 0 0 0 0 0 0 0 0 0 0 0 0 0 0 0 0 0 0 0 0 0 0 0 0 0 0 0 0 0 10 9 0 0 0 9 23 28 33 38 12 0 23 11 12 17 16 15 13 15 0 0 15 14 0 0 0 0 0 
0 0 0 0 0 0 0 0 0 0 0 0 0 0 0 0 0 0 0 0 0 0 0 0 0 0 0 0 0 0 0 0 10 10 0 0 0 9 25 23 33 41 35 0 24 11 16 18 16 15 13 15 0 0 16 14 0 0 0 0 0 
0 0 0 0 0 0 0 0 0 0 0 0 0 0 0 0 0 0 0 0 0 0 0 0 0 0 0 0 0 0 0 0 10 10 0 0 0 9 25 23 33 41 35 0 24 11 16 18 16 15 13 15 0 0 16 14 0 0 0 0 0 
0 0 0 0 0 0 0 0 0 0 0 0 0 0 0 0 0 0 0 0 0 0 0 0 0 0 0 0 0 0 0 0 10 10 0 0 0 9 25 23 33 41 35 0 24 11 16 18 16 15 13 15 0 0 16 14 0 0 0 0 0 
0 0 0 0 0 0 0 0 0 0 0 0 0 0 0 0 0 0 0 0 0 0 0 0 0 0 0 0 0 0 0 0 10 10 0 0 0 9 25 26 32 40 34 0 20 14 13 18 16 13 11 15 0 0 18 15 0 0 0 0 0 
0 0 0 0 0 0 0 0 0 0 0 0 0 0 0 0 0 0 0 0 0 0 0 0 0 0 0 0 0 0 0 0 10 10 0 0 0 9 25 26 32 40 34 0 20 14 13 18 16 13 11 15 0 0 18 15 0 0 0 0 0 
0 0 0 0 0 0 0 0 0 0 0 0 0 0 0 0 0 0 0 0 0 0 0 0 0 0 0 0 0 0 0 0 10 10 0 0 0 9 25 26 32 40 34 0 20 14 13 18 16 13 11 15 0 0 18 15 0 0 0 0 0 
0 0 0 0 0 0 0 0 0 0 0 0 0 0 0 0 0 0 0 0 0 0 0 0 0 0 0 0 0 0 0 0 10 10 0 0 0 9 24 24 12 39 34 0 21 14 14 20 16 11 12 15 0 0 17 15 0 0 0 0 0 
0 0 0 0 0 0 0 0 0 0 0 0 0 0 0 0 0 0 0 0 0 0 0 0 0 0 0 0 0 0 0 0 10 10 0 0 0 9 24 24 12 39 34 0 21 14 14 20 16 11 12 15 0 0 17 15 0 0 0 0 0 
0 0 0 0 0 0 0 0 0 0 0 0 0 0 0 0 0 0 0 0 0 0 0 0 0 0 0 0 0 0 0 0 10 10 0 0 0 9 24 24 12 39 34 0 21 14 14 20 16 11 12 15 0 0 17 15 0 0 0 0 0 
0 0 0 0 0 0 0 0 0 0 0 0 0 0 0 0 0 0 0 0 0 0 0 0 0 0 0 0 0 0 0 0 10 10 10 0 0 9 16 25 31 40 34 0 17 13 13 20 8 13 12 15 0 0 16 14 0 0 0 0 0 
0 0 0 0 0 0 0 0 0 0 0 0 0 0 0 0 0 0 0 0 0 0 0 0 0 0 0 0 0 0 0 0 10 10 10 0 0 9 16 25 31 40 34 0 17 13 13 20 8 13 12 15 0 0 16 14 0 0 0 0 0 
0 0 0 0 0 0 0 0 0 0 0 0 0 0 0 0 0 0 0 0 0 0 0 0 0 0 0 0 0 0 0 0 10 10 10 0 0 9 16 25 31 40 34 0 17 13 13 20 8 13 12 15 0 0 16 14 0 0 0 0 0 
0 0 0 0 0 0 0 0 0 0 0 0 0 0 0 0 0 0 0 0 0 0 0 0 0 0 0 0 0 0 0 0 10 8 10 0 0 9 24 22 17 41 32 0 22 9 13 18 16 13 12 15 0 0 17 14 0 0 0 0 0 
0 0 0 0 0 0 0 0 0 0 0 0 0 0 0 0 0 0 0 0 0 0 0 0 0 0 0 0 0 0 0 0 10 8 10 0 0 9 24 22 17 41 32 0 22 9 13 18 16 13 12 15 0 0 17 14 0 0 0 0 0 
0 0 0 0 0 0 0 0 0 0 0 0 0 0 0 0 0 0 0 0 0 0 0 0 0 0 0 0 0 0 0 0 10 8 10 0 0 9 24 22 17 41 32 0 22 9 13 18 16 13 12 15 0 0 17 14 0 0 0 0 0 
0 0 0 0 0 0 0 0 0 0 0 0 0 0 0 0 0 0 0 0 0 0 0 0 0 0 0 0 0 0 0 0 10 8 10 0 0 9 24 25 31 9 34 0 21 10 14 17 16 12 13 15 0 0 17 14 0 0 0 0 0 
0 0 0 0 0 0 0 0 0 0 0 0 0 0 0 0 0 0 0 0 0 0 0 0 0 0 0 0 0 0 0 0 10 8 10 0 0 9 24 25 31 9 34 0 21 10 14 17 16 12 13 15 0 0 17 14 0 0 0 0 0 
0 0 0 0 0 0 0 0 0 0 0 0 0 0 0 0 0 0 0 0 0 0 0 0 0 0 0 0 0 0 0 0 10 8 10 0 0 9 24 25 31 9 34 0 21 10 14 17 16 12 13 15 0 0 17 14 0 0 0 0 0 
0 0 0 0 0 0 0 0 0 0 0 0 0 0 0 0 0 0 0 0 0 0 0 0 0 0 0 0 0 0 0 0 10 8 10 0 0 9 25 26 32 40 36 0 21 10 14 14 16 14 13 15 0 0 17 14 0 0 0 0 0 
0 0 0 0 0 0 0 0 0 0 0 0 0 0 0 0 0 0 0 0 0 0 0 0 0 0 0 0 0 0 0 0 10 8 10 0 0 9 25 26 32 40 36 0 21 10 14 14 16 14 13 15 0 0 17 14 0 0 0 0 0 
0 0 0 0 0 0 0 0 0 0 0 0 0 0 0 0 0 0 0 0 0 0 0 0 0 0 0 0 0 0 0 0 10 8 10 0 0 9 25 26 32 40 36 0 21 10 14 14 16 14 13 15 0 0 17 14 0 0 0 0 0 
0 0 0 0 0 0 0 0 0 0 0 0 0 0 0 0 0 0 0 0 0 0 0 0 0 0 0 0 0 0 0 0 7 8 9 0 0 9 25 23 32 39 15 0 21 10 14 17 16 12 13 15 0 0 17 13 0 0 0 0 0 
0 0 0 0 0 0 0 0 0 0 0 0 0 0 0 0 0 0 0 0 0 0 0 0 0 0 0 0 0 0 0 0 7 8 9 0 0 9 25 23 32 39 15 0 21 10 14 17 16 12 13 15 0 0 17 13 0 0 0 0 0 
0 0 0 0 0 0 0 0 0 0 0 0 0 0 0 0 0 0 0 0 0 0 0 0 0 0 0 0 0 0 0 0 7 8 9 0 0 9 25 23 32 39 15 0 21 10 14 17 16 12 13 15 0 0 17 13 0 0 0 0 0 
0 0 0 0 0 0 0 0 0 0 0 0 0 0 0 0 0 0 0 0 0 0 0 0 0 0 0 0 0 0 0 0 7 11 9 0 0 9 26 26 32 40 34 0 20 10 14 17 16 12 15 15 0 0 17 14 0 0 0 0 0 
0 0 0 0 0 0 0 0 0 0 0 0 0 0 0 0 0 0 0 0 0 0 0 0 0 0 0 0 0 0 0 0 7 11 9 0 0 9 26 26 32 40 34 0 20 10 14 17 16 12 15 15 0 0 17 14 0 0 0 0 0 
0 0 0 0 0 0 0 0 0 0 0 0 0 0 0 0 0 0 0 0 0 0 0 0 0 0 0 0 0 0 0 0 7 11 9 0 0 9 26 26 32 40 34 0 20 10 14 17 16 12 15 15 0 0 17 14 0 0 0 0 0 
0 0 0 0 0 0 0 0 0 0 0 0 0 0 0 0 0 0 0 0 0 0 0 0 0 0 0 0 0 0 0 0 7 11 9 0 0 9 26 26 31 39 32 0 22 12 14 17 16 12 11 15 0 0 17 14 0 0 0 0 0 
0 0 0 0 0 0 0 0 0 0 0 0 0 0 0 0 0 0 0 0 0 0 0 0 0 0 0 0 0 0 0 0 7 11 9 0 0 9 26 26 31 39 32 0 22 12 14 17 16 12 11 15 0 0 17 14 0 0 0 0 0 
0 0 0 0 0 0 0 0 0 0 0 0 0 0 0 0 0 0 0 0 0 0 0 0 0 0 0 0 0 0 0 0 7 11 9 0 0 9 26 26 31 39 32 0 22 12 14 17 16 12 11 15 0 0 17 14 0 0 0 0 0 
0 0 0 0 0 0 0 0 0 0 0 0 0 0 0 0 0 0 0 0 0 0 0 0 0 0 0 0 0 0 0 0 7 11 9 0 0 9 26 26 33 41 17 0 14 12 14 17 16 12 12 8 0 0 17 13 0 0 0 0 0 
0 0 0 0 0 0 0 0 0 0 0 0 0 0 0 0 0 0 0 0 0 0 0 0 0 0 0 0 0 0 0 0 7 11 9 0 0 9 26 26 33 41 17 0 14 12 14 17 16 12 12 8 0 0 17 13 0 0 0 0 0 
0 0 0 0 0 0 0 0 0 0 0 0 0 0 0 0 0 0 0 0 0 0 0 0 0 0 0 0 0 0 0 0 7 11 9 0 0 9 26 26 33 41 17 0 14 12 14 17 16 12 12 8 0 0 17 13 0 0 0 0 0 
0 0 0 0 0 0 0 0 0 0 0 0 0 0 0 0 0 0 0 0 0 0 0 0 0 0 0 0 0 0 0 0 7 11 9 0 0 9 14 26 32 39 33 0 20 12 14 18 16 12 12 8 0 0 16 15 0 0 0 0 0 
0 0 0 0 0 0 0 0 0 0 0 0 0 0 0 0 0 0 0 0 0 0 0 0 0 0 0 0 0 0 0 0 7 11 9 0 0 9 14 26 32 39 33 0 20 12 14 18 16 12 12 8 0 0 16 15 0 0 0 0 0 
0 0 0 0 0 0 0 0 0 0 0 0 0 0 0 0 0 0 0 0 0 0 0 0 0 0 0 0 0 0 0 0 7 11 9 0 0 9 14 26 32 39 33 0 20 12 14 18 16 12 12 8 0 0 16 15 0 0 0 0 0 
0 0 0 0 0 0 0 0 0 0 0 0 0 0 0 0 0 0 0 0 0 0 0 0 0 0 0 0 0 0 0 0 7 11 9 0 0 9 25 25 21 40 34 0 23 11 13 16 16 11 12 8 0 0 12 12 0 0 0 0 0 
0 0 0 0 0 0 0 0 0 0 0 0 0 0 0 0 0 0 0 0 0 0 0 0 0 0 0 0 0 0 0 0 7 11 9 0 0 9 25 25 21 40 34 0 23 11 13 16 16 11 12 8 0 0 12 12 0 0 0 0 0 
0 0 0 0 0 0 0 0 0 0 0 0 0 0 0 0 0 0 0 0 0 0 0 0 0 0 0 0 0 0 0 0 7 11 9 0 0 9 25 25 21 40 34 0 23 11 13 16 16 11 12 8 0 0 12 12 0 0 0 0 0 
0 0 0 0 0 0 0 0 0 0 0 0 0 0 0 0 0 0 0 0 0 0 0 0 0 0 0 0 0 0 0 7 7 11 9 0 0 9 22 26 11 40 33 0 22 11 13 15 16 13 12 8 0 0 15 12 0 0 0 0 0 
0 0 0 0 0 0 0 0 0 0 0 0 0 0 0 0 0 0 0 0 0 0 0 0 0 0 0 0 0 0 0 7 7 11 9 0 0 9 22 26 11 40 33 0 22 11 13 15 16 13 12 8 0 0 15 12 0 0 0 0 0 
0 0 0 0 0 0 0 0 0 0 0 0 0 0 0 0 0 0 0 0 0 0 0 0 0 0 0 0 0 0 0 7 7 11 9 0 0 9 22 26 11 40 33 0 22 11 13 15 16 13 12 8 0 0 15 12 0 0 0 0 0 
0 0 0 0 0 0 0 0 0 0 0 0 0 0 0 0 0 0 0 0 0 0 0 0 0 0 0 0 0 0 0 7 7 11 9 0 0 9 22 26 30 13 34 0 21 11 13 16 16 11 12 8 0 0 17 14 0 0 0 0 0 
0 0 0 0 0 0 0 0 0 0 0 0 0 0 0 0 0 0 0 0 0 0 0 0 0 0 0 0 0 0 0 7 7 11 9 0 0 9 22 26 30 13 34 0 21 11 13 16 16 11 12 8 0 0 17 14 0 0 0 0 0 
0 0 0 0 0 0 0 0 0 0 0 0 0 0 0 0 0 0 0 0 0 0 0 0 0 0 0 0 0 0 0 7 7 11 9 0 0 9 22 26 30 13 34 0 21 11 13 16 16 11 12 8 0 0 17 14 0 0 0 0 0 
0 0 0 0 0 0 0 0 0 0 0 0 0 0 0 0 0 0 0 0 0 0 0 0 0 0 0 0 0 0 0 7 7 11 9 0 0 9 24 25 17 40 34 0 22 11 13 14 17 10 12 8 0 0 17 17 0 0 0 0 0 
0 0 0 0 0 0 0 0 0 0 0 0 0 0 0 0 0 0 0 0 0 0 0 0 0 0 0 0 0 0 0 7 7 11 9 0 0 9 24 25 17 40 34 0 22 11 13 14 17 10 12 8 0 0 17 17 0 0 0 0 0 
0 0 0 0 0 0 0 0 0 0 0 0 0 0 0 0 0 0 0 0 0 0 0 0 0 0 0 0 0 0 0 7 7 11 9 0 0 9 24 25 17 40 34 0 22 11 13 14 17 10 12 8 0 0 17 17 0 0 0 0 0 
0 0 0 0 0 0 0 0 0 0 0 0 0 0 0 0 0 0 0 0 0 0 0 0 0 0 0 0 0 0 0 7 7 11 9 0 0 9 26 23 32 16 33 0 18 11 13 17 17 10 12 8 0 0 17 11 0 0 0 0 0 
0 0 0 0 0 0 0 0 0 0 0 0 0 0 0 0 0 0 0 0 0 0 0 0 0 0 0 0 0 0 0 7 7 11 9 0 0 9 26 23 32 16 33 0 18 11 13 17 17 10 12 8 0 0 17 11 0 0 0 0 0 
0 0 0 0 0 0 0 0 0 0 0 0 0 0 0 0 0 0 0 0 0 0 0 0 0 0 0 0 0 0 0 7 7 11 9 0 0 9 26 23 32 16 33 0 18 11 13 17 17 10 12 8 0 0 17 11 0 0 0 0 0 
0 0 0 0 0 0 0 0 0 0 0 0 0 0 0 0 0 0 0 0 0 0 0 0 0 0 0 0 0 0 0 7 7 11 9 0 0 9 25 26 33 41 35 0 22 12 14 18 17 11 13 8 0 0 17 12 0 0 0 0 0 
0 0 0 0 0 0 0 0 0 0 0 0 0 0 0 0 0 0 0 0 0 0 0 0 0 0 0 0 0 0 0 7 7 11 9 0 0 9 25 26 33 41 35 0 22 12 14 18 17 11 13 8 0 0 17 12 0 0 0 0 0 
0 0 0 0 0 0 0 0 0 0 0 0 0 0 0 0 0 0 0 0 0 0 0 0 0 0 0 0 0 0 0 7 7 11 9 0 0 9 25 26 33 41 35 0 22 12 14 18 17 11 13 8 0 0 17 12 0 0 0 0 0 
0 0 0 0 0 0 0 0 0 0 0 0 0 0 0 0 0 0 0 0 0 0 0 0 0 0 0 0 0 0 0 7 7 11 9 0 0 9 25 26 31 41 38 0 22 12 12 16 15 11 13 14 0 0 15 13 0 0 0 0 0 
0 0 0 0 0 0 0 0 0 0 0 0 0 0 0 0 0 0 0 0 0 0 0 0 0 0 0 0 0 0 0 7 7 11 9 0 0 9 25 26 31 41 38 0 22 12 12 16 15 11 13 14 0 0 15 13 0 0 0 0 0 
0 0 0 0 0 0 0 0 0 0 0 0 0 0 0 0 0 0 0 0 0 0 0 0 0 0 0 0 0 0 0 7 7 11 9 0 0 9 25 26 31 41 38 0 22 12 12 16 15 11 13 14 0 0 15 13 0 0 0 0 0 
0 0 0 0 0 0 0 0 0 0 0 0 0 0 0 0 0 0 0 0 0 0 0 0 0 0 0 0 0 0 0 7 7 11 9 0 0 9 25 25 32 41 35 0 21 12 11 18 16 11 12 14 6 0 20 14 0 0 0 0 0 
0 0 0 0 0 0 0 0 0 0 0 0 0 0 0 0 0 0 0 0 0 0 0 0 0 0 0 0 0 0 0 7 7 11 9 0 0 9 25 25 32 41 35 0 21 12 11 18 16 11 12 14 6 0 20 14 0 0 0 0 0 
0 0 0 0 0 0 0 0 0 0 0 0 0 0 0 0 0 0 0 0 0 0 0 0 0 0 0 0 0 0 0 7 7 11 9 0 0 9 25 25 32 41 35 0 21 12 11 18 16 11 12 14 6 0 20 14 0 0 0 0 0 
0 0 0 0 0 0 0 0 0 0 0 0 0 0 0 0 0 0 0 0 0 0 0 0 0 0 0 0 0 0 0 7 7 8 9 0 0 9 25 25 31 40 36 0 21 12 11 21 7 11 12 14 6 0 17 14 0 0 0 0 0 
0 0 0 0 0 0 0 0 0 0 0 0 0 0 0 0 0 0 0 0 0 0 0 0 0 0 0 0 0 0 0 7 7 8 9 0 0 9 25 25 31 40 36 0 21 12 11 21 7 11 12 14 6 0 17 14 0 0 0 0 0 
0 0 0 0 0 0 0 0 0 0 0 0 0 0 0 0 0 0 0 0 0 0 0 0 0 0 0 0 0 0 0 7 7 8 9 0 0 9 25 25 31 40 36 0 21 12 11 21 7 11 12 14 6 0 17 14 0 0 0 0 0 
0 0 0 0 0 0 0 0 0 0 0 0 0 0 0 0 0 0 0 0 0 0 0 0 0 0 0 0 0 0 0 7 7 11 9 0 0 9 26 25 31 42 34 0 22 10 14 17 7 12 14 14 6 0 18 13 0 0 0 0 0 
0 0 0 0 0 0 0 0 0 0 0 0 0 0 0 0 0 0 0 0 0 0 0 0 0 0 0 0 0 0 0 7 7 11 9 0 0 9 26 25 31 42 34 0 22 10 14 17 7 12 14 14 6 0 18 13 0 0 0 0 0 
0 0 0 0 0 0 0 0 0 0 0 0 0 0 0 0 0 0 0 0 0 0 0 0 0 0 0 0 0 0 0 7 7 11 9 0 0 9 26 25 31 42 34 0 22 10 14 17 7 12 14 14 6 0 18 13 0 0 0 0 0 
0 0 0 0 0 0 0 0 0 0 0 0 0 0 0 0 0 0 0 0 0 0 0 0 0 0 0 0 0 0 0 7 8 12 9 0 0 9 11 24 25 40 34 0 22 10 13 16 7 13 14 14 6 0 18 14 0 0 0 0 0 
0 0 0 0 0 0 0 0 0 0 0 0 0 0 0 0 0 0 0 0 0 0 0 0 0 0 0 0 0 0 0 7 8 12 9 0 0 9 11 24 25 40 34 0 22 10 13 16 7 13 14 14 6 0 18 14 0 0 0 0 0 
0 0 0 0 0 0 0 0 0 0 0 0 0 0 0 0 0 0 0 0 0 0 0 0 0 0 0 0 0 0 0 7 8 12 9 0 0 9 11 24 25 40 34 0 22 10 13 16 7 13 14 14 6 0 18 14 0 0 0 0 0 
0 0 0 0 0 0 0 0 0 0 0 0 0 0 0 0 0 0 0 0 0 0 0 0 0 0 0 0 0 0 0 7 8 12 9 0 0 9 26 25 33 40 33 0 22 12 12 19 14 12 12 11 6 0 17 16 0 0 0 0 0 
0 0 0 0 0 0 0 0 0 0 0 0 0 0 0 0 0 0 0 0 0 0 0 0 0 0 0 0 0 0 0 7 8 12 9 0 0 9 26 25 33 40 33 0 22 12 12 19 14 12 12 11 6 0 17 16 0 0 0 0 0 
0 0 0 0 0 0 0 0 0 0 0 0 0 0 0 0 0 0 0 0 0 0 0 0 0 0 0 0 0 0 0 7 8 12 9 0 0 9 26 25 33 40 33 0 22 12 12 19 14 12 12 11 6 0 17 16 0 0 0 0 0 
0 0 0 0 0 0 0 0 0 0 0 0 0 0 0 0 0 0 0 0 0 0 0 0 0 0 0 0 0 0 0 7 9 12 9 0 0 9 22 22 31 40 34 0 22 11 12 17 14 12 12 11 6 0 14 14 0 0 0 0 0 
0 0 0 0 0 0 0 0 0 0 0 0 0 0 0 0 0 0 0 0 0 0 0 0 0 0 0 0 0 0 0 7 9 12 9 0 0 9 22 22 31 40 34 0 22 11 12 17 14 12 12 11 6 0 14 14 0 0 0 0 0 
0 0 0 0 0 0 0 0 0 0 0 0 0 0 0 0 0 0 0 0 0 0 0 0 0 0 0 0 0 0 0 7 9 12 9 0 0 9 22 22 31 40 34 0 22 11 12 17 14 12 12 11 6 0 14 14 0 0 0 0 0 
0 0 0 0 0 0 0 0 0 0 0 0 0 0 0 0 0 0 0 0 0 0 0 0 0 0 0 0 0 0 0 7 9 11 9 0 0 9 25 25 33 41 33 0 23 13 13 19 14 12 11 11 6 0 15 14 0 0 0 0 0 
0 0 0 0 0 0 0 0 0 0 0 0 0 0 0 0 0 0 0 0 0 0 0 0 0 0 0 0 0 0 0 7 9 11 9 0 0 9 25 25 33 41 33 0 23 13 13 19 14 12 11 11 6 0 15 14 0 0 0 0 0 
0 0 0 0 0 0 0 0 0 0 0 0 0 0 0 0 0 0 0 0 0 0 0 0 0 0 0 0 0 0 0 7 9 11 9 0 0 9 25 25 33 41 33 0 23 13 13 19 14 12 11 11 6 0 15 14 0 0 0 0 0 
0 0 0 0 0 0 0 0 0 0 0 0 0 0 0 0 0 0 0 0 0 0 0 0 0 0 0 0 0 0 0 7 9 11 9 0 0 9 26 25 11 23 33 0 23 9 13 17 15 12 13 11 6 0 17 14 0 0 0 0 0 
0 0 0 0 0 0 0 0 0 0 0 0 0 0 0 0 0 0 0 0 0 0 0 0 0 0 0 0 0 0 0 7 9 11 9 0 0 9 26 25 11 23 33 0 23 9 13 17 15 12 13 11 6 0 17 14 0 0 0 0 0 
0 0 0 0 0 0 0 0 0 0 0 0 0 0 0 0 0 0 0 0 0 0 0 0 0 0 0 0 0 0 0 7 9 11 9 0 0 9 26 25 11 23 33 0 23 9 13 17 15 12 13 11 6 0 17 14 0 0 0 0 0 
0 0 0 0 0 0 0 0 0 0 0 0 0 0 0 0 0 0 0 0 0 0 0 0 0 0 0 0 0 0 0 7 10 10 9 0 0 9 26 25 32 40 34 0 22 16 12 17 15 11 15 11 6 0 18 15 0 0 0 0 0 
0 0 0 0 0 0 0 0 0 0 0 0 0 0 0 0 0 0 0 0 0 0 0 0 0 0 0 0 0 0 0 7 10 10 9 0 0 9 26 25 32 40 34 0 22 16 12 17 15 11 15 11 6 0 18 15 0 0 0 0 0 
0 0 0 0 0 0 0 0 0 0 0 0 0 0 0 0 0 0 0 0 0 0 0 0 0 0 0 0 0 0 0 7 10 10 9 0 0 9 26 25 32 40 34 0 22 16 12 17 15 11 15 11 6 0 18 15 0 0 0 0 0 
0 0 0 0 0 0 0 0 0 0 0 0 0 0 0 0 0 0 0 0 0 0 0 0 0 0 0 0 0 0 0 7 7 11 9 0 0 9 26 25 32 40 32 0 23 16 14 17 15 11 11 11 6 0 14 12 0 0 0 0 0 
0 0 0 0 0 0 0 0 0 0 0 0 0 0 0 0 0 0 0 0 0 0 0 0 0 0 0 0 0 0 0 7 7 11 9 0 0 9 26 25 32 40 32 0 23 16 14 17 15 11 11 11 6 0 14 12 0 0 0 0 0 
0 0 0 0 0 0 0 0 0 0 0 0 0 0 0 0 0 0 0 0 0 0 0 0 0 0 0 0 0 0 0 7 7 11 9 0 0 9 26 25 32 40 32 0 23 16 14 17 15 11 11 11 6 0 14 12 0 0 0 0 0 
0 0 0 0 0 0 0 0 0 0 0 0 0 0 0 0 0 0 0 0 0 0 0 0 0 0 0 0 0 0 0 7 9 11 9 0 0 9 27 27 35 40 34 0 24 11 12 17 15 10 11 11 6 0 15 12 0 0 0 0 0 
0 0 0 0 0 0 0 0 0 0 0 0 0 0 0 0 0 0 0 0 0 0 0 0 0 0 0 0 0 0 0 7 9 11 9 0 0 9 27 27 35 40 34 0 24 11 12 17 15 10 11 11 6 0 15 12 0 0 0 0 0 
0 0 0 0 0 0 0 0 0 0 0 0 0 0 0 0 0 0 0 0 0 0 0 0 0 0 0 0 0 0 0 7 9 11 9 0 0 9 27 27 35 40 34 0 24 11 12 17 15 10 11 11 6 0 15 12 0 0 0 0 0 
0 0 0 0 0 0 0 0 0 0 0 0 0 0 0 0 0 0 0 0 0 0 0 0 0 0 0 0 0 0 0 7 9 11 9 0 0 9 30 26 33 39 34 0 23 11 14 15 15 10 13 11 6 0 16 12 0 0 0 0 0 
0 0 0 0 0 0 0 0 0 0 0 0 0 0 0 0 0 0 0 0 0 0 0 0 0 0 0 0 0 0 0 7 9 11 9 0 0 9 30 26 33 39 34 0 23 11 14 15 15 10 13 11 6 0 16 12 0 0 0 0 0 
0 0 0 0 0 0 0 0 0 0 0 0 0 0 0 0 0 0 0 0 0 0 0 0 0 0 0 0 0 0 0 7 9 11 9 0 0 9 30 26 33 39 34 0 23 11 14 15 15 10 13 11 6 0 16 12 0 0 0 0 0 
