
0 0 0 0 0 0 0 0 0 0 0 0 0 0 0 0 0 0 0 0 0 0 0 0 0 0 0 0 0 0 0 0 0 0 0 0 0 0 0 0 0 18 20 0 31 18 22 11 29 28 28 0 0 0 11 12 0 0 0 0 0 
0 0 0 0 0 0 0 0 0 0 0 0 0 0 0 0 0 0 0 0 0 0 0 0 0 0 0 0 0 0 0 0 0 0 0 0 0 0 0 0 0 18 20 0 31 18 22 11 29 28 28 0 0 0 11 12 0 0 0 0 0 
0 0 0 0 0 0 0 0 0 0 0 0 0 0 0 0 0 0 0 0 0 0 0 0 0 0 0 0 0 0 0 0 0 0 0 0 0 0 0 0 0 18 20 0 31 18 22 11 29 28 28 0 0 0 11 12 0 0 0 0 0 
0 0 0 0 0 0 0 0 0 0 0 0 0 0 18 0 0 17 13 18 0 0 0 0 0 0 0 0 0 0 0 0 0 0 0 0 0 0 0 13 21 18 20 0 18 33 32 29 25 26 23 22 0 0 15 11 0 0 0 0 0 
0 0 0 0 0 0 0 0 0 0 0 0 0 0 18 0 0 17 13 18 0 0 0 0 0 0 0 0 0 0 0 0 0 0 0 0 0 0 0 13 21 18 20 0 18 33 32 29 25 26 23 22 0 0 15 11 0 0 0 0 0 
0 0 0 0 0 0 0 0 0 0 0 0 0 0 18 0 0 17 13 18 0 0 0 0 0 0 0 0 0 0 0 0 0 0 0 0 0 0 0 13 21 18 20 0 18 33 32 29 25 26 23 22 0 0 15 11 0 0 0 0 0 
0 0 0 0 0 0 0 0 0 0 0 0 0 0 15 0 9 17 13 16 0 0 0 0 0 0 0 0 0 0 0 0 0 0 0 0 0 0 0 13 20 18 20 0 30 32 33 26 25 11 12 20 0 0 15 10 0 0 0 0 0 
0 0 0 0 0 0 0 0 0 0 0 0 0 0 15 0 9 17 13 16 0 0 0 0 0 0 0 0 0 0 0 0 0 0 0 0 0 0 0 13 20 18 20 0 30 32 33 26 25 11 12 20 0 0 15 10 0 0 0 0 0 
0 0 0 0 0 0 0 0 0 0 0 0 0 0 15 0 9 17 13 16 0 0 0 0 0 0 0 0 0 0 0 0 0 0 0 0 0 0 0 13 20 18 20 0 30 32 33 26 25 11 12 20 0 0 15 10 0 0 0 0 0 
0 0 0 0 0 0 0 0 0 0 0 0 0 0 15 0 9 16 13 16 0 0 0 0 0 0 0 0 0 0 0 0 0 0 0 0 0 0 0 14 21 15 20 0 30 34 33 31 24 16 20 20 0 0 17 10 0 0 0 0 0 
0 0 0 0 0 0 0 0 0 0 0 0 0 0 15 0 9 16 13 16 0 0 0 0 0 0 0 0 0 0 0 0 0 0 0 0 0 0 0 14 21 15 20 0 30 34 33 31 24 16 20 20 0 0 17 10 0 0 0 0 0 
0 0 0 0 0 0 0 0 0 0 0 0 0 0 15 0 9 16 13 16 0 0 0 0 0 0 0 0 0 0 0 0 0 0 0 0 0 0 0 14 21 15 20 0 30 34 33 31 24 16 20 20 0 0 17 10 0 0 0 0 0 
0 0 0 0 0 0 0 0 0 0 0 0 0 0 16 0 9 16 10 16 10 0 0 0 0 0 0 0 0 0 0 0 0 0 0 10 0 0 0 14 16 17 16 0 16 17 32 22 24 21 19 24 0 0 14 10 0 0 0 0 0 
0 0 0 0 0 0 0 0 0 0 0 0 0 0 16 0 9 16 10 16 10 0 0 0 0 0 0 0 0 0 0 0 0 0 0 10 0 0 0 14 16 17 16 0 16 17 32 22 24 21 19 24 0 0 14 10 0 0 0 0 0 
0 0 0 0 0 0 0 0 0 0 0 0 0 0 16 0 9 16 10 16 10 0 0 0 0 0 0 0 0 0 0 0 0 0 0 10 0 0 0 14 16 17 16 0 16 17 32 22 24 21 19 24 0 0 14 10 0 0 0 0 0 
0 0 0 0 0 0 0 0 0 0 0 0 0 0 17 0 9 14 14 15 10 0 0 0 0 0 0 0 0 0 0 0 0 0 0 10 0 0 0 14 21 17 17 0 31 33 33 23 21 21 20 23 0 0 17 10 0 0 0 0 0 
0 0 0 0 0 0 0 0 0 0 0 0 0 0 17 0 9 14 14 15 10 0 0 0 0 0 0 0 0 0 0 0 0 0 0 10 0 0 0 14 21 17 17 0 31 33 33 23 21 21 20 23 0 0 17 10 0 0 0 0 0 
0 0 0 0 0 0 0 0 0 0 0 0 0 0 17 0 9 14 14 15 10 0 0 0 0 0 0 0 0 0 0 0 0 0 0 10 0 0 0 14 21 17 17 0 31 33 33 23 21 21 20 23 0 0 17 10 0 0 0 0 0 
0 0 0 0 0 0 0 0 0 0 0 0 0 0 17 0 9 15 13 16 10 0 0 0 0 0 0 0 0 0 0 0 0 0 0 10 0 0 0 14 15 18 17 0 32 35 33 19 24 25 20 23 0 0 18 10 0 0 0 0 0 
0 0 0 0 0 0 0 0 0 0 0 0 0 0 17 0 9 15 13 16 10 0 0 0 0 0 0 0 0 0 0 0 0 0 0 10 0 0 0 14 15 18 17 0 32 35 33 19 24 25 20 23 0 0 18 10 0 0 0 0 0 
0 0 0 0 0 0 0 0 0 0 0 0 0 0 17 0 9 15 13 16 10 0 0 0 0 0 0 0 0 0 0 0 0 0 0 10 0 0 0 14 15 18 17 0 32 35 33 19 24 25 20 23 0 0 18 10 0 0 0 0 0 
0 0 0 0 0 0 0 0 0 0 0 0 0 0 17 0 9 14 13 16 10 0 0 0 0 0 0 0 0 0 0 0 0 0 0 10 0 0 0 13 21 18 16 0 32 32 33 26 20 23 22 22 0 0 17 10 0 0 0 0 0 
0 0 0 0 0 0 0 0 0 0 0 0 0 0 17 0 9 14 13 16 10 0 0 0 0 0 0 0 0 0 0 0 0 0 0 10 0 0 0 13 21 18 16 0 32 32 33 26 20 23 22 22 0 0 17 10 0 0 0 0 0 
0 0 0 0 0 0 0 0 0 0 0 0 0 0 17 0 9 14 13 16 10 0 0 0 0 0 0 0 0 0 0 0 0 0 0 10 0 0 0 13 21 18 16 0 32 32 33 26 20 23 22 22 0 0 17 10 0 0 0 0 0 
0 0 0 0 0 0 0 0 0 0 0 0 0 0 17 0 9 14 14 17 10 0 0 0 0 0 0 0 0 0 0 0 0 0 0 12 0 0 0 13 20 17 17 0 23 33 34 22 24 23 23 24 0 0 17 10 0 0 0 0 0 
0 0 0 0 0 0 0 0 0 0 0 0 0 0 17 0 9 14 14 17 10 0 0 0 0 0 0 0 0 0 0 0 0 0 0 12 0 0 0 13 20 17 17 0 23 33 34 22 24 23 23 24 0 0 17 10 0 0 0 0 0 
0 0 0 0 0 0 0 0 0 0 0 0 0 0 17 0 9 14 14 17 10 0 0 0 0 0 0 0 0 0 0 0 0 0 0 12 0 0 0 13 20 17 17 0 23 33 34 22 24 23 23 24 0 0 17 10 0 0 0 0 0 
0 0 0 0 0 0 0 0 0 0 0 0 0 0 17 0 9 14 13 17 10 0 0 0 0 0 0 0 0 0 0 0 0 0 0 11 0 0 0 13 23 20 17 0 30 37 33 8 23 22 21 23 10 0 20 10 0 0 0 0 0 
0 0 0 0 0 0 0 0 0 0 0 0 0 0 17 0 9 14 13 17 10 0 0 0 0 0 0 0 0 0 0 0 0 0 0 11 0 0 0 13 23 20 17 0 30 37 33 8 23 22 21 23 10 0 20 10 0 0 0 0 0 
0 0 0 0 0 0 0 0 0 0 0 0 0 0 17 0 9 14 13 17 10 0 0 0 0 0 0 0 0 0 0 0 0 0 0 11 0 0 0 13 23 20 17 0 30 37 33 8 23 22 21 23 10 0 20 10 0 0 0 0 0 
0 0 0 0 0 0 0 0 0 0 0 0 0 0 15 0 9 15 12 18 10 0 0 0 0 0 0 0 0 0 0 0 0 0 0 11 0 0 0 13 21 16 17 0 30 33 34 25 23 24 19 24 10 0 20 10 0 0 0 0 0 
0 0 0 0 0 0 0 0 0 0 0 0 0 0 15 0 9 15 12 18 10 0 0 0 0 0 0 0 0 0 0 0 0 0 0 11 0 0 0 13 21 16 17 0 30 33 34 25 23 24 19 24 10 0 20 10 0 0 0 0 0 
0 0 0 0 0 0 0 0 0 0 0 0 0 0 15 0 9 15 12 18 10 0 0 0 0 0 0 0 0 0 0 0 0 0 0 11 0 0 0 13 21 16 17 0 30 33 34 25 23 24 19 24 10 0 20 10 0 0 0 0 0 
0 0 0 0 0 0 0 0 0 0 0 0 0 0 15 0 9 15 13 16 10 0 0 0 0 0 0 0 0 0 0 0 0 0 0 11 0 0 0 12 21 16 7 0 24 36 33 27 25 25 21 21 10 0 15 9 0 0 0 0 0 
0 0 0 0 0 0 0 0 0 0 0 0 0 0 15 0 9 15 13 16 10 0 0 0 0 0 0 0 0 0 0 0 0 0 0 11 0 0 0 12 21 16 7 0 24 36 33 27 25 25 21 21 10 0 15 9 0 0 0 0 0 
0 0 0 0 0 0 0 0 0 0 0 0 0 0 15 0 9 15 13 16 10 0 0 0 0 0 0 0 0 0 0 0 0 0 0 11 0 0 0 12 21 16 7 0 24 36 33 27 25 25 21 21 10 0 15 9 0 0 0 0 0 
0 0 0 0 0 0 0 0 0 0 0 0 0 0 15 0 9 15 11 17 10 0 0 0 0 0 0 0 0 0 0 0 0 0 0 11 0 0 0 12 20 16 17 0 30 33 32 26 23 25 20 21 10 0 18 9 0 0 0 0 0 
0 0 0 0 0 0 0 0 0 0 0 0 0 0 15 0 9 15 11 17 10 0 0 0 0 0 0 0 0 0 0 0 0 0 0 11 0 0 0 12 20 16 17 0 30 33 32 26 23 25 20 21 10 0 18 9 0 0 0 0 0 
0 0 0 0 0 0 0 0 0 0 0 0 0 0 15 0 9 15 11 17 10 0 0 0 0 0 0 0 0 0 0 0 0 0 0 11 0 0 0 12 20 16 17 0 30 33 32 26 23 25 20 21 10 0 18 9 0 0 0 0 0 
0 0 0 0 0 0 0 0 0 0 0 0 0 0 15 0 9 16 14 16 10 0 0 0 0 0 0 0 0 0 0 0 0 0 0 11 0 0 0 14 22 16 18 0 30 37 17 21 23 21 22 21 10 0 12 9 0 0 0 0 0 
0 0 0 0 0 0 0 0 0 0 0 0 0 0 15 0 9 16 14 16 10 0 0 0 0 0 0 0 0 0 0 0 0 0 0 11 0 0 0 14 22 16 18 0 30 37 17 21 23 21 22 21 10 0 12 9 0 0 0 0 0 
0 0 0 0 0 0 0 0 0 0 0 0 0 0 15 0 9 16 14 16 10 0 0 0 0 0 0 0 0 0 0 0 0 0 0 11 0 0 0 14 22 16 18 0 30 37 17 21 23 21 22 21 10 0 12 9 0 0 0 0 0 
0 0 0 0 0 0 0 0 0 0 0 0 0 0 19 0 9 14 11 15 10 0 0 0 0 0 0 0 0 0 0 0 0 0 0 11 0 0 0 13 20 16 14 0 11 30 33 22 21 18 23 12 10 0 16 9 0 0 0 0 0 
0 0 0 0 0 0 0 0 0 0 0 0 0 0 19 0 9 14 11 15 10 0 0 0 0 0 0 0 0 0 0 0 0 0 0 11 0 0 0 13 20 16 14 0 11 30 33 22 21 18 23 12 10 0 16 9 0 0 0 0 0 
0 0 0 0 0 0 0 0 0 0 0 0 0 0 19 0 9 14 11 15 10 0 0 0 0 0 0 0 0 0 0 0 0 0 0 11 0 0 0 13 20 16 14 0 11 30 33 22 21 18 23 12 10 0 16 9 0 0 0 0 0 
0 0 0 0 0 0 0 0 0 0 0 0 0 0 19 0 9 13 12 17 10 0 0 0 0 0 0 0 0 0 0 0 0 0 0 11 0 0 0 13 21 15 19 0 30 32 34 28 21 25 20 21 10 0 19 9 0 0 0 0 0 
0 0 0 0 0 0 0 0 0 0 0 0 0 0 19 0 9 13 12 17 10 0 0 0 0 0 0 0 0 0 0 0 0 0 0 11 0 0 0 13 21 15 19 0 30 32 34 28 21 25 20 21 10 0 19 9 0 0 0 0 0 
0 0 0 0 0 0 0 0 0 0 0 0 0 0 19 0 9 13 12 17 10 0 0 0 0 0 0 0 0 0 0 0 0 0 0 11 0 0 0 13 21 15 19 0 30 32 34 28 21 25 20 21 10 0 19 9 0 0 0 0 0 
0 0 0 0 0 0 0 0 0 0 0 0 0 0 19 0 9 13 12 18 13 0 0 0 0 0 0 0 0 0 0 0 0 0 0 11 0 0 0 13 22 15 17 0 8 32 34 26 22 24 24 23 10 0 10 9 0 0 0 0 0 
0 0 0 0 0 0 0 0 0 0 0 0 0 0 19 0 9 13 12 18 13 0 0 0 0 0 0 0 0 0 0 0 0 0 0 11 0 0 0 13 22 15 17 0 8 32 34 26 22 24 24 23 10 0 10 9 0 0 0 0 0 
0 0 0 0 0 0 0 0 0 0 0 0 0 0 19 0 9 13 12 18 13 0 0 0 0 0 0 0 0 0 0 0 0 0 0 11 0 0 0 13 22 15 17 0 8 32 34 26 22 24 24 23 10 0 10 9 0 0 0 0 0 
0 0 0 0 0 0 0 0 0 0 0 0 0 0 19 0 9 13 14 20 13 0 0 0 0 0 0 0 0 0 0 0 0 0 0 11 0 0 0 13 22 17 17 0 29 30 34 26 25 12 17 18 15 0 18 9 0 0 0 0 0 
0 0 0 0 0 0 0 0 0 0 0 0 0 0 19 0 9 13 14 20 13 0 0 0 0 0 0 0 0 0 0 0 0 0 0 11 0 0 0 13 22 17 17 0 29 30 34 26 25 12 17 18 15 0 18 9 0 0 0 0 0 
0 0 0 0 0 0 0 0 0 0 0 0 0 0 19 0 9 13 14 20 13 0 0 0 0 0 0 0 0 0 0 0 0 0 0 11 0 0 0 13 22 17 17 0 29 30 34 26 25 12 17 18 15 0 18 9 0 0 0 0 0 
0 0 0 0 0 0 0 0 0 0 0 0 0 0 12 0 9 13 12 17 13 0 0 0 0 0 0 0 0 0 0 0 0 0 0 11 0 0 0 13 7 17 17 0 30 33 34 15 27 23 22 21 10 0 18 9 0 0 0 0 0 
0 0 0 0 0 0 0 0 0 0 0 0 0 0 12 0 9 13 12 17 13 0 0 0 0 0 0 0 0 0 0 0 0 0 0 11 0 0 0 13 7 17 17 0 30 33 34 15 27 23 22 21 10 0 18 9 0 0 0 0 0 
0 0 0 0 0 0 0 0 0 0 0 0 0 0 12 0 9 13 12 17 13 0 0 0 0 0 0 0 0 0 0 0 0 0 0 11 0 0 0 13 7 17 17 0 30 33 34 15 27 23 22 21 10 0 18 9 0 0 0 0 0 
0 0 0 0 0 0 0 0 0 0 0 0 0 0 12 0 9 13 12 19 13 0 0 0 0 0 0 0 0 0 0 0 0 0 0 11 0 0 0 13 7 17 7 0 21 8 16 26 22 23 19 21 13 0 7 9 0 0 0 0 0 
0 0 0 0 0 0 0 0 0 0 0 0 0 0 12 0 9 13 12 19 13 0 0 0 0 0 0 0 0 0 0 0 0 0 0 11 0 0 0 13 7 17 7 0 21 8 16 26 22 23 19 21 13 0 7 9 0 0 0 0 0 
0 0 0 0 0 0 0 0 0 0 0 0 0 0 12 0 9 13 12 19 13 0 0 0 0 0 0 0 0 0 0 0 0 0 0 11 0 0 0 13 7 17 7 0 21 8 16 26 22 23 19 21 13 0 7 9 0 0 0 0 0 
0 0 0 0 0 0 0 0 0 0 0 0 0 0 17 0 9 14 12 16 13 0 0 0 0 0 0 0 0 0 0 0 0 0 0 11 0 0 0 13 7 16 7 0 30 31 15 24 11 20 23 24 16 0 17 9 0 0 0 0 0 
0 0 0 0 0 0 0 0 0 0 0 0 0 0 17 0 9 14 12 16 13 0 0 0 0 0 0 0 0 0 0 0 0 0 0 11 0 0 0 13 7 16 7 0 30 31 15 24 11 20 23 24 16 0 17 9 0 0 0 0 0 
0 0 0 0 0 0 0 0 0 0 0 0 0 0 17 0 9 14 12 16 13 0 0 0 0 0 0 0 0 0 0 0 0 0 0 11 0 0 0 13 7 16 7 0 30 31 15 24 11 20 23 24 16 0 17 9 0 0 0 0 0 
0 0 0 0 0 0 0 0 0 0 0 0 0 0 17 0 9 15 12 17 13 0 0 0 0 0 0 0 0 0 0 0 0 0 0 11 0 0 0 13 18 16 18 0 30 17 33 23 22 28 20 18 16 0 18 9 0 0 0 0 0 
0 0 0 0 0 0 0 0 0 0 0 0 0 0 17 0 9 15 12 17 13 0 0 0 0 0 0 0 0 0 0 0 0 0 0 11 0 0 0 13 18 16 18 0 30 17 33 23 22 28 20 18 16 0 18 9 0 0 0 0 0 
0 0 0 0 0 0 0 0 0 0 0 0 0 0 17 0 9 15 12 17 13 0 0 0 0 0 0 0 0 0 0 0 0 0 0 11 0 0 0 13 18 16 18 0 30 17 33 23 22 28 20 18 16 0 18 9 0 0 0 0 0 
0 0 0 0 0 0 0 0 0 0 0 0 0 0 17 0 9 15 13 16 12 0 0 0 0 0 0 0 0 0 0 0 0 0 0 11 0 0 0 12 23 16 17 0 31 31 34 23 22 24 18 18 9 0 9 9 0 0 0 0 0 
0 0 0 0 0 0 0 0 0 0 0 0 0 0 17 0 9 15 13 16 12 0 0 0 0 0 0 0 0 0 0 0 0 0 0 11 0 0 0 12 23 16 17 0 31 31 34 23 22 24 18 18 9 0 9 9 0 0 0 0 0 
0 0 0 0 0 0 0 0 0 0 0 0 0 0 17 0 9 15 13 16 12 0 0 0 0 0 0 0 0 0 0 0 0 0 0 11 0 0 0 12 23 16 17 0 31 31 34 23 22 24 18 18 9 0 9 9 0 0 0 0 0 
0 0 0 0 0 0 0 0 0 0 0 0 0 0 17 0 9 16 13 16 12 0 0 0 0 0 0 0 0 0 0 0 0 0 0 11 0 0 0 12 20 16 16 0 22 30 33 25 17 20 19 23 9 0 16 9 0 0 0 0 0 
0 0 0 0 0 0 0 0 0 0 0 0 0 0 17 0 9 16 13 16 12 0 0 0 0 0 0 0 0 0 0 0 0 0 0 11 0 0 0 12 20 16 16 0 22 30 33 25 17 20 19 23 9 0 16 9 0 0 0 0 0 
0 0 0 0 0 0 0 0 0 0 0 0 0 0 17 0 9 16 13 16 12 0 0 0 0 0 0 0 0 0 0 0 0 0 0 11 0 0 0 12 20 16 16 0 22 30 33 25 17 20 19 23 9 0 16 9 0 0 0 0 0 
0 0 0 0 0 0 0 0 0 0 0 0 0 0 17 0 9 16 12 17 12 0 0 0 0 0 0 0 0 0 0 0 0 0 0 11 0 0 0 13 21 17 18 0 20 8 33 23 19 20 20 21 9 0 14 9 0 0 0 0 0 
0 0 0 0 0 0 0 0 0 0 0 0 0 0 17 0 9 16 12 17 12 0 0 0 0 0 0 0 0 0 0 0 0 0 0 11 0 0 0 13 21 17 18 0 20 8 33 23 19 20 20 21 9 0 14 9 0 0 0 0 0 
0 0 0 0 0 0 0 0 0 0 0 0 0 0 17 0 9 16 12 17 12 0 0 0 0 0 0 0 0 0 0 0 0 0 0 11 0 0 0 13 21 17 18 0 20 8 33 23 19 20 20 21 9 0 14 9 0 0 0 0 0 
0 0 0 0 0 0 0 0 0 0 0 0 0 0 14 0 8 15 11 17 12 0 0 0 0 0 0 0 0 0 0 0 0 0 0 11 0 0 0 13 15 17 18 0 10 31 34 21 20 23 21 19 9 0 19 9 0 0 0 0 0 
0 0 0 0 0 0 0 0 0 0 0 0 0 0 14 0 8 15 11 17 12 0 0 0 0 0 0 0 0 0 0 0 0 0 0 11 0 0 0 13 15 17 18 0 10 31 34 21 20 23 21 19 9 0 19 9 0 0 0 0 0 
0 0 0 0 0 0 0 0 0 0 0 0 0 0 14 0 8 15 11 17 12 0 0 0 0 0 0 0 0 0 0 0 0 0 0 11 0 0 0 13 15 17 18 0 10 31 34 21 20 23 21 19 9 0 19 9 0 0 0 0 0 
0 0 0 0 0 0 0 0 0 0 0 0 0 0 15 0 8 15 13 17 13 0 0 0 0 0 0 0 0 0 0 0 0 0 0 11 0 0 0 13 21 16 18 0 30 33 33 22 18 21 22 10 9 0 17 9 0 0 0 0 0 
0 0 0 0 0 0 0 0 0 0 0 0 0 0 15 0 8 15 13 17 13 0 0 0 0 0 0 0 0 0 0 0 0 0 0 11 0 0 0 13 21 16 18 0 30 33 33 22 18 21 22 10 9 0 17 9 0 0 0 0 0 
0 0 0 0 0 0 0 0 0 0 0 0 0 0 15 0 8 15 13 17 13 0 0 0 0 0 0 0 0 0 0 0 0 0 0 11 0 0 0 13 21 16 18 0 30 33 33 22 18 21 22 10 9 0 17 9 0 0 0 0 0 
0 0 0 0 0 0 0 0 0 0 0 0 0 0 20 0 8 16 14 17 13 0 0 0 0 0 0 0 0 0 0 0 0 0 0 11 0 0 0 14 21 16 21 0 31 31 33 23 17 21 25 21 16 0 15 9 0 0 0 0 0 
0 0 0 0 0 0 0 0 0 0 0 0 0 0 20 0 8 16 14 17 13 0 0 0 0 0 0 0 0 0 0 0 0 0 0 11 0 0 0 14 21 16 21 0 31 31 33 23 17 21 25 21 16 0 15 9 0 0 0 0 0 
0 0 0 0 0 0 0 0 0 0 0 0 0 0 20 0 8 16 14 17 13 0 0 0 0 0 0 0 0 0 0 0 0 0 0 11 0 0 0 14 21 16 21 0 31 31 33 23 17 21 25 21 16 0 15 9 0 0 0 0 0 
0 0 0 0 0 0 0 0 0 0 0 0 0 0 20 0 8 16 14 17 13 0 0 0 0 0 0 0 0 0 0 0 0 0 0 11 0 0 0 14 21 16 17 0 31 32 10 23 18 26 21 19 12 0 16 9 0 0 0 0 0 
0 0 0 0 0 0 0 0 0 0 0 0 0 0 20 0 8 16 14 17 13 0 0 0 0 0 0 0 0 0 0 0 0 0 0 11 0 0 0 14 21 16 17 0 31 32 10 23 18 26 21 19 12 0 16 9 0 0 0 0 0 
0 0 0 0 0 0 0 0 0 0 0 0 0 0 20 0 8 16 14 17 13 0 0 0 0 0 0 0 0 0 0 0 0 0 0 11 0 0 0 14 21 16 17 0 31 32 10 23 18 26 21 19 12 0 16 9 0 0 0 0 0 
0 0 0 0 0 0 0 0 0 0 0 0 0 0 20 0 8 15 13 17 13 0 0 0 0 0 0 0 0 0 0 0 0 0 8 11 0 0 0 13 21 16 17 0 41 32 34 27 22 23 21 23 12 0 17 9 0 0 0 0 0 
0 0 0 0 0 0 0 0 0 0 0 0 0 0 20 0 8 15 13 17 13 0 0 0 0 0 0 0 0 0 0 0 0 0 8 11 0 0 0 13 21 16 17 0 41 32 34 27 22 23 21 23 12 0 17 9 0 0 0 0 0 
0 0 0 0 0 0 0 0 0 0 0 0 0 0 20 0 8 15 13 17 13 0 0 0 0 0 0 0 0 0 0 0 0 0 8 11 0 0 0 13 21 16 17 0 41 32 34 27 22 23 21 23 12 0 17 9 0 0 0 0 0 
0 0 0 0 0 0 0 0 0 0 0 0 0 0 20 0 8 15 11 17 12 0 0 0 0 0 0 0 0 0 0 0 0 0 8 11 0 0 0 13 24 16 17 0 30 31 34 31 24 23 23 21 12 0 17 9 0 0 0 0 0 
0 0 0 0 0 0 0 0 0 0 0 0 0 0 20 0 8 15 11 17 12 0 0 0 0 0 0 0 0 0 0 0 0 0 8 11 0 0 0 13 24 16 17 0 30 31 34 31 24 23 23 21 12 0 17 9 0 0 0 0 0 
0 0 0 0 0 0 0 0 0 0 0 0 0 0 20 0 8 15 11 17 12 0 0 0 0 0 0 0 0 0 0 0 0 0 8 11 0 0 0 13 24 16 17 0 30 31 34 31 24 23 23 21 12 0 17 9 0 0 0 0 0 
0 0 0 0 0 0 0 0 0 0 0 0 0 0 20 0 8 15 11 19 12 0 0 0 0 0 0 0 0 0 0 0 0 0 8 11 0 0 11 14 23 16 17 0 29 31 31 29 25 23 20 24 9 0 18 10 0 0 0 0 0 
0 0 0 0 0 0 0 0 0 0 0 0 0 0 20 0 8 15 11 19 12 0 0 0 0 0 0 0 0 0 0 0 0 0 8 11 0 0 11 14 23 16 17 0 29 31 31 29 25 23 20 24 9 0 18 10 0 0 0 0 0 
0 0 0 0 0 0 0 0 0 0 0 0 0 0 20 0 8 15 11 19 12 0 0 0 0 0 0 0 0 0 0 0 0 0 8 11 0 0 11 14 23 16 17 0 29 31 31 29 25 23 20 24 9 0 18 10 0 0 0 0 0 
0 0 0 0 0 0 0 0 0 0 0 0 0 0 15 0 8 15 11 18 12 0 0 0 0 0 0 0 0 0 0 0 0 0 8 11 0 0 11 14 21 16 22 0 30 32 33 27 24 25 20 20 9 7 16 9 0 0 0 0 0 
0 0 0 0 0 0 0 0 0 0 0 0 0 0 15 0 8 15 11 18 12 0 0 0 0 0 0 0 0 0 0 0 0 0 8 11 0 0 11 14 21 16 22 0 30 32 33 27 24 25 20 20 9 7 16 9 0 0 0 0 0 
0 0 0 0 0 0 0 0 0 0 0 0 0 0 15 0 8 15 11 18 12 0 0 0 0 0 0 0 0 0 0 0 0 0 8 11 0 0 11 14 21 16 22 0 30 32 33 27 24 25 20 20 9 7 16 9 0 0 0 0 0 
0 0 0 0 0 0 0 0 0 0 0 0 0 0 15 0 8 15 11 18 12 0 0 0 0 0 0 0 0 0 0 0 0 0 8 11 0 0 11 12 22 16 18 0 32 33 32 28 11 26 20 20 9 7 16 9 0 0 0 0 0 
