
0 0 0 0 0 0 0 0 0 0 0 0 0 0 0 0 0 0 0 0 0 0 0 0 0 0 0 9 0 0 0 0 16 17 0 0 13 18 44 32 40 31 36 0 0 0 0 0 15 11 0 0 0 0 0 11 0 0 0 0 0 
0 0 0 0 0 0 0 0 0 0 0 0 0 0 0 0 0 0 0 0 0 0 0 0 0 0 0 9 0 0 0 0 16 17 0 0 13 18 44 32 40 31 36 0 0 0 0 0 15 11 0 0 0 0 0 11 0 0 0 0 0 
0 0 0 0 0 0 0 0 0 0 0 0 0 0 0 0 0 0 0 0 0 0 0 0 0 0 0 9 0 0 0 0 16 17 0 0 13 18 44 32 40 31 36 0 0 0 0 0 15 11 0 0 0 0 0 11 0 0 0 0 0 
0 0 0 0 0 0 0 0 0 0 0 0 0 0 0 0 0 0 0 0 0 0 0 0 0 0 20 10 0 0 24 0 16 29 0 0 29 18 39 36 31 37 14 0 20 15 0 0 15 11 0 0 0 0 0 11 0 0 0 0 0 
0 0 0 0 0 0 0 0 0 0 0 0 0 0 0 0 0 0 0 0 0 0 0 0 0 0 20 10 0 0 24 0 16 29 0 0 29 18 39 36 31 37 14 0 20 15 0 0 15 11 0 0 0 0 0 11 0 0 0 0 0 
0 0 0 0 0 0 0 0 0 0 0 0 0 0 0 0 0 0 0 0 0 0 0 0 0 0 20 10 0 0 24 0 16 29 0 0 29 18 39 36 31 37 14 0 20 15 0 0 15 11 0 0 0 0 0 11 0 0 0 0 0 
0 0 0 0 0 0 0 0 0 0 0 0 0 0 0 0 0 0 0 0 0 0 0 9 0 14 20 9 13 0 22 11 19 30 0 0 26 12 39 40 33 34 37 0 21 20 0 14 15 11 0 0 0 0 0 11 0 0 0 0 0 
0 0 0 0 0 0 0 0 0 0 0 0 0 0 0 0 0 0 0 0 0 0 0 9 0 14 20 9 13 0 22 11 19 30 0 0 26 12 39 40 33 34 37 0 21 20 0 14 15 11 0 0 0 0 0 11 0 0 0 0 0 
0 0 0 0 0 0 0 0 0 0 0 0 0 0 0 0 0 0 0 0 0 0 0 9 0 14 20 9 13 0 22 11 19 30 0 0 26 12 39 40 33 34 37 0 21 20 0 14 15 11 0 0 0 0 0 11 0 0 0 0 0 
0 0 0 0 0 0 0 0 0 0 0 0 0 0 0 0 0 0 0 0 0 0 0 9 0 14 20 9 13 0 24 11 18 30 0 0 27 17 8 39 32 35 35 0 20 19 17 14 15 11 0 0 0 0 0 11 0 0 0 0 0 
0 0 0 0 0 0 0 0 0 0 0 0 0 0 0 0 0 0 0 0 0 0 0 9 0 14 20 9 13 0 24 11 18 30 0 0 27 17 8 39 32 35 35 0 20 19 17 14 15 11 0 0 0 0 0 11 0 0 0 0 0 
0 0 0 0 0 0 0 0 0 0 0 0 0 0 0 0 0 0 0 0 0 0 0 9 0 14 20 9 13 0 24 11 18 30 0 0 27 17 8 39 32 35 35 0 20 19 17 14 15 11 0 0 0 0 0 11 0 0 0 0 0 
0 0 0 0 0 0 0 0 0 0 0 0 0 0 0 0 0 0 0 0 0 0 0 9 0 14 20 11 13 0 24 11 18 30 0 0 28 17 39 40 31 35 36 0 20 19 17 15 15 11 11 0 0 0 15 11 0 0 0 0 0 
0 0 0 0 0 0 0 0 0 0 0 0 0 0 0 0 0 0 0 0 0 0 0 9 0 14 20 11 13 0 24 11 18 30 0 0 28 17 39 40 31 35 36 0 20 19 17 15 15 11 11 0 0 0 15 11 0 0 0 0 0 
0 0 0 0 0 0 0 0 0 0 0 0 0 0 0 0 0 0 0 0 0 0 0 9 0 14 20 11 13 0 24 11 18 30 0 0 28 17 39 40 31 35 36 0 20 19 17 15 15 11 11 0 0 0 15 11 0 0 0 0 0 
0 0 0 0 0 0 0 0 0 0 0 0 0 0 0 0 0 0 0 0 0 0 0 9 0 14 20 10 13 14 23 11 19 30 0 0 28 17 41 40 33 37 32 0 20 20 17 15 15 11 11 0 0 0 15 15 0 0 0 0 0 
0 0 0 0 0 0 0 0 0 0 0 0 0 0 0 0 0 0 0 0 0 0 0 9 0 14 20 10 13 14 23 11 19 30 0 0 28 17 41 40 33 37 32 0 20 20 17 15 15 11 11 0 0 0 15 15 0 0 0 0 0 
0 0 0 0 0 0 0 0 0 0 0 0 0 0 0 0 0 0 0 0 0 0 0 9 0 14 20 10 13 14 23 11 19 30 0 0 28 17 41 40 33 37 32 0 20 20 17 15 15 11 11 0 0 0 15 15 0 0 0 0 0 
0 0 0 0 0 0 0 0 0 0 0 0 0 0 0 0 0 0 0 0 0 0 0 9 0 14 20 10 13 14 27 11 19 30 0 0 27 17 39 38 32 34 35 0 22 19 17 15 15 11 8 0 0 0 15 15 0 0 0 0 0 
0 0 0 0 0 0 0 0 0 0 0 0 0 0 0 0 0 0 0 0 0 0 0 9 0 14 20 10 13 14 27 11 19 30 0 0 27 17 39 38 32 34 35 0 22 19 17 15 15 11 8 0 0 0 15 15 0 0 0 0 0 
0 0 0 0 0 0 0 0 0 0 0 0 0 0 0 0 0 0 0 0 0 0 0 9 0 14 20 10 13 14 27 11 19 30 0 0 27 17 39 38 32 34 35 0 22 19 17 15 15 11 8 0 0 0 15 15 0 0 0 0 0 
0 0 0 0 0 0 0 0 0 0 0 0 0 0 0 0 0 0 0 0 0 0 0 9 0 14 18 10 13 14 23 11 21 29 0 0 27 10 40 40 31 35 33 0 23 19 17 14 15 11 8 0 0 0 15 15 0 0 0 0 0 
0 0 0 0 0 0 0 0 0 0 0 0 0 0 0 0 0 0 0 0 0 0 0 9 0 14 18 10 13 14 23 11 21 29 0 0 27 10 40 40 31 35 33 0 23 19 17 14 15 11 8 0 0 0 15 15 0 0 0 0 0 
0 0 0 0 0 0 0 0 0 0 0 0 0 0 0 0 0 0 0 0 0 0 0 9 0 14 18 10 13 14 23 11 21 29 0 0 27 10 40 40 31 35 33 0 23 19 17 14 15 11 8 0 0 0 15 15 0 0 0 0 0 
0 0 0 0 0 0 0 0 0 0 0 0 0 0 0 0 0 0 0 0 0 0 0 8 0 9 18 10 13 14 21 11 19 11 0 0 26 10 41 40 32 35 36 0 19 18 17 15 15 11 8 0 0 0 12 16 0 0 0 0 0 
0 0 0 0 0 0 0 0 0 0 0 0 0 0 0 0 0 0 0 0 0 0 0 8 0 9 18 10 13 14 21 11 19 11 0 0 26 10 41 40 32 35 36 0 19 18 17 15 15 11 8 0 0 0 12 16 0 0 0 0 0 
0 0 0 0 0 0 0 0 0 0 0 0 0 0 0 0 0 0 0 0 0 0 0 8 0 9 18 10 13 14 21 11 19 11 0 0 26 10 41 40 32 35 36 0 19 18 17 15 15 11 8 0 0 0 12 16 0 0 0 0 0 
0 0 0 0 0 0 0 0 0 0 0 0 0 0 0 0 0 0 0 0 0 0 0 8 0 15 21 8 13 14 24 11 17 30 0 0 27 10 40 38 32 28 35 0 19 18 17 15 15 11 8 0 0 0 12 16 0 0 0 0 0 
0 0 0 0 0 0 0 0 0 0 0 0 0 0 0 0 0 0 0 0 0 0 0 8 0 15 21 8 13 14 24 11 17 30 0 0 27 10 40 38 32 28 35 0 19 18 17 15 15 11 8 0 0 0 12 16 0 0 0 0 0 
0 0 0 0 0 0 0 0 0 0 0 0 0 0 0 0 0 0 0 0 0 0 0 8 0 15 21 8 13 14 24 11 17 30 0 0 27 10 40 38 32 28 35 0 19 18 17 15 15 11 8 0 0 0 12 16 0 0 0 0 0 
0 0 0 0 0 0 0 0 0 0 0 0 0 0 0 0 0 0 0 0 0 0 0 8 0 12 18 8 13 14 24 11 19 30 0 0 25 16 15 39 36 37 35 0 19 19 17 14 13 12 8 13 0 0 12 16 0 0 0 0 0 
0 0 0 0 0 0 0 0 0 0 0 0 0 0 0 0 0 0 0 0 0 0 0 8 0 12 18 8 13 14 24 11 19 30 0 0 25 16 15 39 36 37 35 0 19 19 17 14 13 12 8 13 0 0 12 16 0 0 0 0 0 
0 0 0 0 0 0 0 0 0 0 0 0 0 0 0 0 0 0 0 0 0 0 0 8 0 12 18 8 13 14 24 11 19 30 0 0 25 16 15 39 36 37 35 0 19 19 17 14 13 12 8 13 0 0 12 16 0 0 0 0 0 
0 0 0 0 0 0 0 0 0 0 0 0 0 0 0 0 0 0 0 0 0 0 0 8 0 12 18 8 13 14 24 11 20 31 0 0 26 17 40 38 30 35 34 0 20 21 18 16 13 14 8 13 0 0 12 15 0 0 0 0 0 
0 0 0 0 0 0 0 0 0 0 0 0 0 0 0 0 0 0 0 0 0 0 0 8 0 12 18 8 13 14 24 11 20 31 0 0 26 17 40 38 30 35 34 0 20 21 18 16 13 14 8 13 0 0 12 15 0 0 0 0 0 
0 0 0 0 0 0 0 0 0 0 0 0 0 0 0 0 0 0 0 0 0 0 0 8 0 12 18 8 13 14 24 11 20 31 0 0 26 17 40 38 30 35 34 0 20 21 18 16 13 14 8 13 0 0 12 15 0 0 0 0 0 
0 0 0 0 0 0 0 0 0 0 0 0 0 0 0 0 0 0 0 0 0 0 0 9 0 11 18 8 13 14 27 11 18 29 0 0 21 18 40 40 31 38 35 0 18 18 18 16 13 14 8 13 0 0 12 15 0 0 0 0 0 
0 0 0 0 0 0 0 0 0 0 0 0 0 0 0 0 0 0 0 0 0 0 0 9 0 11 18 8 13 14 27 11 18 29 0 0 21 18 40 40 31 38 35 0 18 18 18 16 13 14 8 13 0 0 12 15 0 0 0 0 0 
0 0 0 0 0 0 0 0 0 0 0 0 0 0 0 0 0 0 0 0 0 0 0 9 0 11 18 8 13 14 27 11 18 29 0 0 21 18 40 40 31 38 35 0 18 18 18 16 13 14 8 13 0 0 12 15 0 0 0 0 0 
0 0 0 0 0 0 0 0 0 0 0 0 0 0 0 0 0 0 0 0 0 0 0 9 0 13 19 10 13 14 24 11 18 29 0 0 27 19 40 39 32 36 28 0 18 19 18 10 12 12 8 13 0 0 12 15 0 0 0 0 0 
0 0 0 0 0 0 0 0 0 0 0 0 0 0 0 0 0 0 0 0 0 0 0 9 0 13 19 10 13 14 24 11 18 29 0 0 27 19 40 39 32 36 28 0 18 19 18 10 12 12 8 13 0 0 12 15 0 0 0 0 0 
0 0 0 0 0 0 0 0 0 0 0 0 0 0 0 0 0 0 0 0 0 0 0 9 0 13 19 10 13 14 24 11 18 29 0 0 27 19 40 39 32 36 28 0 18 19 18 10 12 12 8 13 0 0 12 15 0 0 0 0 0 
0 0 0 0 0 0 0 0 0 0 0 0 0 0 0 0 0 0 0 0 0 0 0 8 0 12 19 9 13 14 24 11 18 29 0 0 26 19 40 39 31 35 35 0 18 20 17 10 12 12 8 13 0 0 12 15 0 0 0 0 0 
0 0 0 0 0 0 0 0 0 0 0 0 0 0 0 0 0 0 0 0 0 0 0 8 0 12 19 9 13 14 24 11 18 29 0 0 26 19 40 39 31 35 35 0 18 20 17 10 12 12 8 13 0 0 12 15 0 0 0 0 0 
0 0 0 0 0 0 0 0 0 0 0 0 0 0 0 0 0 0 0 0 0 0 0 8 0 12 19 9 13 14 24 11 18 29 0 0 26 19 40 39 31 35 35 0 18 20 17 10 12 12 8 13 0 0 12 15 0 0 0 0 0 
0 0 0 0 0 0 0 0 0 0 0 0 0 0 0 0 0 0 0 0 0 0 0 8 0 12 20 8 13 14 27 11 21 30 0 0 22 19 40 40 31 34 35 0 19 20 17 10 12 12 8 13 0 0 12 15 0 0 0 0 0 
0 0 0 0 0 0 0 0 0 0 0 0 0 0 0 0 0 0 0 0 0 0 0 8 0 12 20 8 13 14 27 11 21 30 0 0 22 19 40 40 31 34 35 0 19 20 17 10 12 12 8 13 0 0 12 15 0 0 0 0 0 
0 0 0 0 0 0 0 0 0 0 0 0 0 0 0 0 0 0 0 0 0 0 0 8 0 12 20 8 13 14 27 11 21 30 0 0 22 19 40 40 31 34 35 0 19 20 17 10 12 12 8 13 0 0 12 15 0 0 0 0 0 
0 0 0 0 0 0 0 0 0 0 0 0 0 0 0 0 0 0 0 0 0 0 0 8 0 12 18 9 13 14 27 11 18 30 0 0 26 17 41 39 26 32 35 0 9 20 17 12 14 12 8 13 0 0 12 15 0 0 0 0 0 
0 0 0 0 0 0 0 0 0 0 0 0 0 0 0 0 0 0 0 0 0 0 0 8 0 12 18 9 13 14 27 11 18 30 0 0 26 17 41 39 26 32 35 0 9 20 17 12 14 12 8 13 0 0 12 15 0 0 0 0 0 
0 0 0 0 0 0 0 0 0 0 0 0 0 0 0 0 0 0 0 0 0 0 0 8 0 12 18 9 13 14 27 11 18 30 0 0 26 17 41 39 26 32 35 0 9 20 17 12 14 12 8 13 0 0 12 15 0 0 0 0 0 
0 0 0 0 0 0 0 0 0 0 0 0 0 0 0 0 0 0 0 0 0 0 0 8 0 13 18 10 13 14 24 11 19 30 0 0 27 17 41 18 32 35 35 0 20 18 19 12 14 12 8 13 0 0 12 15 0 0 0 0 0 
0 0 0 0 0 0 0 0 0 0 0 0 0 0 0 0 0 0 0 0 0 0 0 8 0 13 18 10 13 14 24 11 19 30 0 0 27 17 41 18 32 35 35 0 20 18 19 12 14 12 8 13 0 0 12 15 0 0 0 0 0 
0 0 0 0 0 0 0 0 0 0 0 0 0 0 0 0 0 0 0 0 0 0 0 8 0 13 18 10 13 14 24 11 19 30 0 0 27 17 41 18 32 35 35 0 20 18 19 12 14 12 8 13 0 0 12 15 0 0 0 0 0 
0 0 0 0 0 0 0 0 0 0 0 0 0 0 0 0 0 0 0 0 0 0 0 8 0 13 13 10 13 14 21 11 18 30 0 0 26 17 20 40 33 34 34 0 20 20 20 13 14 12 8 13 0 0 10 14 0 0 0 0 0 
0 0 0 0 0 0 0 0 0 0 0 0 0 0 0 0 0 0 0 0 0 0 0 8 0 13 13 10 13 14 21 11 18 30 0 0 26 17 20 40 33 34 34 0 20 20 20 13 14 12 8 13 0 0 10 14 0 0 0 0 0 
0 0 0 0 0 0 0 0 0 0 0 0 0 0 0 0 0 0 0 0 0 0 0 8 0 13 13 10 13 14 21 11 18 30 0 0 26 17 20 40 33 34 34 0 20 20 20 13 14 12 8 13 0 0 10 14 0 0 0 0 0 
0 0 0 0 0 0 0 0 0 0 0 0 0 0 0 0 0 0 0 0 0 0 0 8 0 13 18 9 12 14 22 11 20 30 0 0 28 17 40 39 30 21 32 0 20 21 17 13 14 12 8 13 0 0 10 14 0 0 0 0 0 
0 0 0 0 0 0 0 0 0 0 0 0 0 0 0 0 0 0 0 0 0 0 0 8 0 13 18 9 12 14 22 11 20 30 0 0 28 17 40 39 30 21 32 0 20 21 17 13 14 12 8 13 0 0 10 14 0 0 0 0 0 
0 0 0 0 0 0 0 0 0 0 0 0 0 0 0 0 0 0 0 0 0 0 0 8 0 13 18 9 12 14 22 11 20 30 0 0 28 17 40 39 30 21 32 0 20 21 17 13 14 12 8 13 0 0 10 14 0 0 0 0 0 
0 0 0 0 0 0 0 0 0 0 0 0 0 0 0 0 0 0 0 0 0 0 0 8 0 11 18 10 12 14 22 11 18 30 0 0 26 17 43 40 26 35 36 0 19 20 16 13 12 12 8 13 0 0 12 14 0 0 0 0 0 
0 0 0 0 0 0 0 0 0 0 0 0 0 0 0 0 0 0 0 0 0 0 0 8 0 11 18 10 12 14 22 11 18 30 0 0 26 17 43 40 26 35 36 0 19 20 16 13 12 12 8 13 0 0 12 14 0 0 0 0 0 
0 0 0 0 0 0 0 0 0 0 0 0 0 0 0 0 0 0 0 0 0 0 0 8 0 11 18 10 12 14 22 11 18 30 0 0 26 17 43 40 26 35 36 0 19 20 16 13 12 12 8 13 0 0 12 14 0 0 0 0 0 
0 0 0 0 0 0 0 0 0 0 0 0 0 0 0 0 0 0 0 0 0 0 0 8 0 11 17 10 12 11 23 11 20 30 0 0 26 17 40 40 30 35 33 0 17 12 19 17 12 12 8 13 0 0 12 14 0 0 0 0 0 
0 0 0 0 0 0 0 0 0 0 0 0 0 0 0 0 0 0 0 0 0 0 0 8 0 11 17 10 12 11 23 11 20 30 0 0 26 17 40 40 30 35 33 0 17 12 19 17 12 12 8 13 0 0 12 14 0 0 0 0 0 
0 0 0 0 0 0 0 0 0 0 0 0 0 0 0 0 0 0 0 0 0 0 0 8 0 11 17 10 12 11 23 11 20 30 0 0 26 17 40 40 30 35 33 0 17 12 19 17 12 12 8 13 0 0 12 14 0 0 0 0 0 
0 0 0 0 0 0 0 0 0 0 0 0 0 0 0 0 0 0 0 0 0 0 0 8 0 11 17 9 12 11 25 11 17 30 0 0 27 17 38 18 32 36 35 0 21 13 16 16 12 12 8 13 0 0 12 14 0 0 0 0 0 
0 0 0 0 0 0 0 0 0 0 0 0 0 0 0 0 0 0 0 0 0 0 0 8 0 11 17 9 12 11 25 11 17 30 0 0 27 17 38 18 32 36 35 0 21 13 16 16 12 12 8 13 0 0 12 14 0 0 0 0 0 
0 0 0 0 0 0 0 0 0 0 0 0 0 0 0 0 0 0 0 0 0 0 0 8 0 11 17 9 12 11 25 11 17 30 0 0 27 17 38 18 32 36 35 0 21 13 16 16 12 12 8 13 0 0 12 14 0 0 0 0 0 
0 0 0 0 0 0 0 0 0 0 0 0 0 0 0 0 0 0 0 0 0 0 0 8 0 14 19 9 12 13 26 11 18 30 0 0 27 17 39 39 34 36 34 0 20 13 16 16 12 12 8 13 0 0 13 14 0 0 0 0 0 
0 0 0 0 0 0 0 0 0 0 0 0 0 0 0 0 0 0 0 0 0 0 0 8 0 14 19 9 12 13 26 11 18 30 0 0 27 17 39 39 34 36 34 0 20 13 16 16 12 12 8 13 0 0 13 14 0 0 0 0 0 
0 0 0 0 0 0 0 0 0 0 0 0 0 0 0 0 0 0 0 0 0 0 0 8 0 14 19 9 12 13 26 11 18 30 0 0 27 17 39 39 34 36 34 0 20 13 16 16 12 12 8 13 0 0 13 14 0 0 0 0 0 
0 0 0 0 0 0 0 0 0 0 0 0 0 0 0 0 0 0 0 0 0 0 0 8 0 13 19 10 12 13 24 11 17 31 0 0 27 17 40 40 31 38 32 0 24 21 16 16 12 12 8 13 0 0 13 14 0 0 0 0 0 
0 0 0 0 0 0 0 0 0 0 0 0 0 0 0 0 0 0 0 0 0 0 0 8 0 13 19 10 12 13 24 11 17 31 0 0 27 17 40 40 31 38 32 0 24 21 16 16 12 12 8 13 0 0 13 14 0 0 0 0 0 
0 0 0 0 0 0 0 0 0 0 0 0 0 0 0 0 0 0 0 0 0 0 0 8 0 13 19 10 12 13 24 11 17 31 0 0 27 17 40 40 31 38 32 0 24 21 16 16 12 12 8 13 0 0 13 14 0 0 0 0 0 
0 0 0 0 0 0 0 0 0 0 0 0 0 0 0 0 0 0 0 0 0 0 11 8 0 13 20 10 12 13 23 11 17 29 10 0 29 19 40 40 33 35 34 0 22 11 21 16 12 12 8 13 0 0 13 14 0 0 0 0 0 
0 0 0 0 0 0 0 0 0 0 0 0 0 0 0 0 0 0 0 0 0 0 11 8 0 13 20 10 12 13 23 11 17 29 10 0 29 19 40 40 33 35 34 0 22 11 21 16 12 12 8 13 0 0 13 14 0 0 0 0 0 
0 0 0 0 0 0 0 0 0 0 0 0 0 0 0 0 0 0 0 0 0 0 11 8 0 13 20 10 12 13 23 11 17 29 10 0 29 19 40 40 33 35 34 0 22 11 21 16 12 12 8 13 0 0 13 14 0 0 0 0 0 
0 0 0 0 0 0 0 0 0 0 0 0 0 0 0 0 0 0 0 0 0 0 11 7 0 13 17 10 12 13 23 11 14 29 10 0 27 17 39 40 33 27 25 0 21 17 17 16 12 10 8 13 0 0 9 14 0 0 0 0 0 
0 0 0 0 0 0 0 0 0 0 0 0 0 0 0 0 0 0 0 0 0 0 11 7 0 13 17 10 12 13 23 11 14 29 10 0 27 17 39 40 33 27 25 0 21 17 17 16 12 10 8 13 0 0 9 14 0 0 0 0 0 
0 0 0 0 0 0 0 0 0 0 0 0 0 0 0 0 0 0 0 0 0 0 11 7 0 13 17 10 12 13 23 11 14 29 10 0 27 17 39 40 33 27 25 0 21 17 17 16 12 10 8 13 0 0 9 14 0 0 0 0 0 
0 0 0 0 0 0 0 0 0 0 0 0 0 0 0 0 0 0 0 0 0 0 11 7 0 13 19 10 12 14 23 12 19 30 10 0 27 18 38 39 30 35 34 0 21 20 16 13 12 10 8 13 0 0 9 14 0 0 0 0 0 
0 0 0 0 0 0 0 0 0 0 0 0 0 0 0 0 0 0 0 0 0 0 11 7 0 13 19 10 12 14 23 12 19 30 10 0 27 18 38 39 30 35 34 0 21 20 16 13 12 10 8 13 0 0 9 14 0 0 0 0 0 
0 0 0 0 0 0 0 0 0 0 0 0 0 0 0 0 0 0 0 0 0 0 11 7 0 13 19 10 12 14 23 12 19 30 10 0 27 18 38 39 30 35 34 0 21 20 16 13 12 10 8 13 0 0 9 14 0 0 0 0 0 
0 0 0 0 0 0 0 0 0 0 0 0 0 0 0 0 0 0 0 0 0 0 11 7 0 13 19 7 12 14 23 12 20 29 10 0 28 16 39 40 32 37 35 0 22 18 16 13 12 10 8 13 0 0 9 13 0 0 0 0 0 
0 0 0 0 0 0 0 0 0 0 0 0 0 0 0 0 0 0 0 0 0 0 11 7 0 13 19 7 12 14 23 12 20 29 10 0 28 16 39 40 32 37 35 0 22 18 16 13 12 10 8 13 0 0 9 13 0 0 0 0 0 
0 0 0 0 0 0 0 0 0 0 0 0 0 0 0 0 0 0 0 0 0 0 11 7 0 13 19 7 12 14 23 12 20 29 10 0 28 16 39 40 32 37 35 0 22 18 16 13 12 10 8 13 0 0 9 13 0 0 0 0 0 
0 0 0 0 0 0 0 0 0 0 0 0 0 0 0 0 0 0 0 0 0 0 11 7 0 13 19 9 12 14 23 12 22 30 10 0 27 16 39 40 31 35 35 0 22 18 18 13 12 10 8 13 0 0 9 13 0 0 0 0 0 
0 0 0 0 0 0 0 0 0 0 0 0 0 0 0 0 0 0 0 0 0 0 11 7 0 13 19 9 12 14 23 12 22 30 10 0 27 16 39 40 31 35 35 0 22 18 18 13 12 10 8 13 0 0 9 13 0 0 0 0 0 
0 0 0 0 0 0 0 0 0 0 0 0 0 0 0 0 0 0 0 0 0 0 11 7 0 13 19 9 12 14 23 12 22 30 10 0 27 16 39 40 31 35 35 0 22 18 18 13 12 10 8 13 0 0 9 13 0 0 0 0 0 
0 0 0 0 0 0 0 0 0 0 0 0 0 0 0 0 0 0 0 0 0 0 11 7 0 13 19 9 12 14 24 12 18 30 10 0 28 17 39 40 30 37 18 0 22 21 18 16 12 13 8 13 0 0 9 13 0 0 0 0 0 
0 0 0 0 0 0 0 0 0 0 0 0 0 0 0 0 0 0 0 0 0 0 11 7 0 13 19 9 12 14 24 12 18 30 10 0 28 17 39 40 30 37 18 0 22 21 18 16 12 13 8 13 0 0 9 13 0 0 0 0 0 
0 0 0 0 0 0 0 0 0 0 0 0 0 0 0 0 0 0 0 0 0 0 11 7 0 13 19 9 12 14 24 12 18 30 10 0 28 17 39 40 30 37 18 0 22 21 18 16 12 13 8 13 0 0 9 13 0 0 0 0 0 
0 0 0 0 0 0 0 0 0 0 0 0 0 0 0 0 0 0 0 0 0 0 11 9 0 13 19 11 12 14 24 12 18 29 10 0 28 15 39 40 31 39 36 0 22 19 18 16 14 13 8 13 0 0 9 13 0 0 0 0 0 
0 0 0 0 0 0 0 0 0 0 0 0 0 0 0 0 0 0 0 0 0 0 11 9 0 13 19 11 12 14 24 12 18 29 10 0 28 15 39 40 31 39 36 0 22 19 18 16 14 13 8 13 0 0 9 13 0 0 0 0 0 
0 0 0 0 0 0 0 0 0 0 0 0 0 0 0 0 0 0 0 0 0 0 11 9 0 13 19 11 12 14 24 12 18 29 10 0 28 15 39 40 31 39 36 0 22 19 18 16 14 13 8 13 0 0 9 13 0 0 0 0 0 
0 0 0 0 0 0 0 0 0 0 0 0 0 0 0 0 0 0 0 0 0 0 9 9 0 13 18 11 12 14 7 12 18 32 10 0 27 16 14 40 29 18 37 0 22 19 19 16 14 13 8 13 0 0 9 13 0 0 0 0 0 
0 0 0 0 0 0 0 0 0 0 0 0 0 0 0 0 0 0 0 0 0 0 9 9 0 13 18 11 12 14 7 12 18 32 10 0 27 16 14 40 29 18 37 0 22 19 19 16 14 13 8 13 0 0 9 13 0 0 0 0 0 
0 0 0 0 0 0 0 0 0 0 0 0 0 0 0 0 0 0 0 0 0 0 9 9 0 13 18 11 12 14 7 12 18 32 10 0 27 16 14 40 29 18 37 0 22 19 19 16 14 13 8 13 0 0 9 13 0 0 0 0 0 
