
0 0 0 0 0 0 0 0 0 0 0 0 0 0 0 0 0 0 0 9 0 0 0 0 0 0 0 0 0 0 0 0 0 0 0 0 0 0 0 20 29 25 27 0 10 24 19 23 0 0 11 13 0 0 0 13 0 0 0 0 0 
0 0 0 0 0 0 0 0 0 0 0 0 0 0 0 0 0 0 0 9 0 0 0 0 0 0 0 0 0 0 0 0 0 0 0 0 0 0 0 20 29 25 27 0 10 24 19 23 0 0 11 13 0 0 0 13 0 0 0 0 0 
0 0 0 0 0 0 0 0 0 0 0 0 0 0 0 0 0 0 0 9 0 0 0 0 0 0 0 0 0 0 0 0 0 0 0 0 0 0 0 20 29 25 27 0 10 24 19 23 0 0 11 13 0 0 0 13 0 0 0 0 0 
0 0 0 0 0 0 0 0 0 0 0 0 0 0 0 0 0 0 0 9 0 0 0 0 0 0 0 0 0 0 0 0 7 0 0 0 0 0 20 20 36 38 17 0 28 19 16 27 15 15 16 12 0 0 14 13 0 0 0 0 0 
0 0 0 0 0 0 0 0 0 0 0 0 0 0 0 0 0 0 0 9 0 0 0 0 0 0 0 0 0 0 0 0 7 0 0 0 0 0 20 20 36 38 17 0 28 19 16 27 15 15 16 12 0 0 14 13 0 0 0 0 0 
0 0 0 0 0 0 0 0 0 0 0 0 0 0 0 0 0 0 0 9 0 0 0 0 0 0 0 0 0 0 0 0 7 0 0 0 0 0 20 20 36 38 17 0 28 19 16 27 15 15 16 12 0 0 14 13 0 0 0 0 0 
0 0 0 0 0 0 0 0 0 0 0 0 0 0 0 0 0 0 0 9 0 0 0 0 0 0 0 0 0 0 0 0 7 0 0 0 0 0 24 20 36 38 31 0 28 20 20 23 15 15 16 12 0 0 14 13 0 0 0 0 0 
0 0 0 0 0 0 0 0 0 0 0 0 0 0 0 0 0 0 0 9 0 0 0 0 0 0 0 0 0 0 0 0 7 0 0 0 0 0 24 20 36 38 31 0 28 20 20 23 15 15 16 12 0 0 14 13 0 0 0 0 0 
0 0 0 0 0 0 0 0 0 0 0 0 0 0 0 0 0 0 0 9 0 0 0 0 0 0 0 0 0 0 0 0 7 0 0 0 0 0 24 20 36 38 31 0 28 20 20 23 15 15 16 12 0 0 14 13 0 0 0 0 0 
0 0 0 0 0 0 0 0 0 0 0 0 0 0 0 0 0 0 0 9 0 0 0 0 0 0 0 0 0 0 0 0 7 0 0 0 0 0 24 13 35 39 32 0 27 20 21 23 15 17 14 12 0 0 15 10 0 0 0 0 0 
0 0 0 0 0 0 0 0 0 0 0 0 0 0 0 0 0 0 0 9 0 0 0 0 0 0 0 0 0 0 0 0 7 0 0 0 0 0 24 13 35 39 32 0 27 20 21 23 15 17 14 12 0 0 15 10 0 0 0 0 0 
0 0 0 0 0 0 0 0 0 0 0 0 0 0 0 0 0 0 0 9 0 0 0 0 0 0 0 0 0 0 0 0 7 0 0 0 0 0 24 13 35 39 32 0 27 20 21 23 15 17 14 12 0 0 15 10 0 0 0 0 0 
0 0 0 0 0 0 0 0 0 0 0 0 0 0 0 0 0 0 0 9 0 0 0 0 0 0 0 0 0 0 0 0 7 0 0 0 0 0 24 14 34 37 14 0 27 20 19 23 15 15 15 12 0 0 14 10 0 0 0 0 0 
0 0 0 0 0 0 0 0 0 0 0 0 0 0 0 0 0 0 0 9 0 0 0 0 0 0 0 0 0 0 0 0 7 0 0 0 0 0 24 14 34 37 14 0 27 20 19 23 15 15 15 12 0 0 14 10 0 0 0 0 0 
0 0 0 0 0 0 0 0 0 0 0 0 0 0 0 0 0 0 0 9 0 0 0 0 0 0 0 0 0 0 0 0 7 0 0 0 0 0 24 14 34 37 14 0 27 20 19 23 15 15 15 12 0 0 14 10 0 0 0 0 0 
0 0 0 0 0 0 0 0 0 0 0 0 0 0 0 0 0 0 0 9 0 0 0 0 0 0 0 0 0 0 0 0 7 0 0 0 0 0 25 14 34 36 33 0 16 20 21 23 14 14 15 11 12 0 14 10 0 0 0 0 0 
0 0 0 0 0 0 0 0 0 0 0 0 0 0 0 0 0 0 0 9 0 0 0 0 0 0 0 0 0 0 0 0 7 0 0 0 0 0 25 14 34 36 33 0 16 20 21 23 14 14 15 11 12 0 14 10 0 0 0 0 0 
0 0 0 0 0 0 0 0 0 0 0 0 0 0 0 0 0 0 0 9 0 0 0 0 0 0 0 0 0 0 0 0 7 0 0 0 0 0 25 14 34 36 33 0 16 20 21 23 14 14 15 11 12 0 14 10 0 0 0 0 0 
0 0 0 0 0 0 0 0 0 0 0 0 0 0 0 0 0 0 0 9 0 0 0 0 0 0 0 0 0 0 0 0 7 0 0 0 0 0 25 14 14 37 34 0 29 21 21 21 14 15 14 11 12 0 14 10 0 0 0 0 0 
0 0 0 0 0 0 0 0 0 0 0 0 0 0 0 0 0 0 0 9 0 0 0 0 0 0 0 0 0 0 0 0 7 0 0 0 0 0 25 14 14 37 34 0 29 21 21 21 14 15 14 11 12 0 14 10 0 0 0 0 0 
0 0 0 0 0 0 0 0 0 0 0 0 0 0 0 0 0 0 0 9 0 0 0 0 0 0 0 0 0 0 0 0 7 0 0 0 0 0 25 14 14 37 34 0 29 21 21 21 14 15 14 11 12 0 14 10 0 0 0 0 0 
0 0 0 0 0 0 0 0 0 0 0 0 0 0 0 0 0 0 0 9 0 0 0 0 0 0 0 0 0 0 0 0 7 0 0 0 0 0 25 15 34 37 32 0 29 20 19 23 15 14 14 11 12 0 18 10 0 0 0 0 0 
0 0 0 0 0 0 0 0 0 0 0 0 0 0 0 0 0 0 0 9 0 0 0 0 0 0 0 0 0 0 0 0 7 0 0 0 0 0 25 15 34 37 32 0 29 20 19 23 15 14 14 11 12 0 18 10 0 0 0 0 0 
0 0 0 0 0 0 0 0 0 0 0 0 0 0 0 0 0 0 0 9 0 0 0 0 0 0 0 0 0 0 0 0 7 0 0 0 0 0 25 15 34 37 32 0 29 20 19 23 15 14 14 11 12 0 18 10 0 0 0 0 0 
0 0 0 0 0 0 0 0 0 0 0 0 0 0 0 0 0 0 0 9 0 0 0 0 0 0 0 0 0 0 0 0 7 0 0 0 0 0 24 15 34 38 35 0 28 22 20 22 16 16 13 11 12 0 15 9 0 0 0 0 0 
0 0 0 0 0 0 0 0 0 0 0 0 0 0 0 0 0 0 0 9 0 0 0 0 0 0 0 0 0 0 0 0 7 0 0 0 0 0 24 15 34 38 35 0 28 22 20 22 16 16 13 11 12 0 15 9 0 0 0 0 0 
0 0 0 0 0 0 0 0 0 0 0 0 0 0 0 0 0 0 0 9 0 0 0 0 0 0 0 0 0 0 0 0 7 0 0 0 0 0 24 15 34 38 35 0 28 22 20 22 16 16 13 11 12 0 15 9 0 0 0 0 0 
0 0 0 0 0 0 0 0 0 0 0 0 0 0 0 0 0 0 0 9 0 0 0 0 0 0 0 0 0 0 0 0 7 0 0 0 0 0 24 15 34 37 32 0 29 20 10 23 16 14 14 11 12 0 15 9 0 0 0 0 0 
0 0 0 0 0 0 0 0 0 0 0 0 0 0 0 0 0 0 0 9 0 0 0 0 0 0 0 0 0 0 0 0 7 0 0 0 0 0 24 15 34 37 32 0 29 20 10 23 16 14 14 11 12 0 15 9 0 0 0 0 0 
0 0 0 0 0 0 0 0 0 0 0 0 0 0 0 0 0 0 0 9 0 0 0 0 0 0 0 0 0 0 0 0 7 0 0 0 0 0 24 15 34 37 32 0 29 20 10 23 16 14 14 11 12 0 15 9 0 0 0 0 0 
0 0 0 0 0 0 0 0 0 0 0 0 0 0 0 0 0 0 0 9 0 0 0 0 0 0 0 0 0 0 0 0 7 0 0 0 0 0 25 15 37 36 32 0 16 16 20 24 14 14 16 11 12 0 15 9 0 0 0 0 0 
0 0 0 0 0 0 0 0 0 0 0 0 0 0 0 0 0 0 0 9 0 0 0 0 0 0 0 0 0 0 0 0 7 0 0 0 0 0 25 15 37 36 32 0 16 16 20 24 14 14 16 11 12 0 15 9 0 0 0 0 0 
0 0 0 0 0 0 0 0 0 0 0 0 0 0 0 0 0 0 0 9 0 0 0 0 0 0 0 0 0 0 0 0 7 0 0 0 0 0 25 15 37 36 32 0 16 16 20 24 14 14 16 11 12 0 15 9 0 0 0 0 0 
0 0 0 0 0 0 0 0 0 0 0 0 0 0 9 0 0 0 0 9 0 0 0 0 0 0 0 0 0 0 0 0 7 0 0 0 0 0 25 15 8 37 13 0 27 19 20 23 14 17 15 11 10 0 14 11 0 0 0 0 0 
0 0 0 0 0 0 0 0 0 0 0 0 0 0 9 0 0 0 0 9 0 0 0 0 0 0 0 0 0 0 0 0 7 0 0 0 0 0 25 15 8 37 13 0 27 19 20 23 14 17 15 11 10 0 14 11 0 0 0 0 0 
0 0 0 0 0 0 0 0 0 0 0 0 0 0 9 0 0 0 0 9 0 0 0 0 0 0 0 0 0 0 0 0 7 0 0 0 0 0 25 15 8 37 13 0 27 19 20 23 14 17 15 11 10 0 14 11 0 0 0 0 0 
0 0 0 0 0 0 0 0 0 0 0 0 0 0 9 0 0 0 0 9 0 0 0 0 0 0 0 0 0 0 0 0 7 0 0 0 0 0 24 15 34 37 33 0 29 8 20 22 14 16 13 11 11 0 14 11 0 0 0 0 0 
0 0 0 0 0 0 0 0 0 0 0 0 0 0 9 0 0 0 0 9 0 0 0 0 0 0 0 0 0 0 0 0 7 0 0 0 0 0 24 15 34 37 33 0 29 8 20 22 14 16 13 11 11 0 14 11 0 0 0 0 0 
0 0 0 0 0 0 0 0 0 0 0 0 0 0 9 0 0 0 0 9 0 0 0 0 0 0 0 0 0 0 0 0 7 0 0 0 0 0 24 15 34 37 33 0 29 8 20 22 14 16 13 11 11 0 14 11 0 0 0 0 0 
0 0 0 0 0 0 0 0 0 0 0 0 0 0 9 0 0 0 0 9 0 0 0 0 0 0 0 0 0 0 0 0 7 0 0 0 0 0 8 15 34 40 32 0 29 19 19 23 15 18 15 11 11 0 14 11 0 0 0 0 0 
0 0 0 0 0 0 0 0 0 0 0 0 0 0 9 0 0 0 0 9 0 0 0 0 0 0 0 0 0 0 0 0 7 0 0 0 0 0 8 15 34 40 32 0 29 19 19 23 15 18 15 11 11 0 14 11 0 0 0 0 0 
0 0 0 0 0 0 0 0 0 0 0 0 0 0 9 0 0 0 0 9 0 0 0 0 0 0 0 0 0 0 0 0 7 0 0 0 0 0 8 15 34 40 32 0 29 19 19 23 15 18 15 11 11 0 14 11 0 0 0 0 0 
0 0 0 0 0 0 0 0 0 0 0 0 0 0 8 0 0 0 0 9 0 0 0 0 0 0 0 0 0 0 0 0 7 0 0 0 0 0 25 13 34 37 32 0 26 9 19 23 15 13 15 11 11 0 13 11 0 0 0 0 0 
0 0 0 0 0 0 0 0 0 0 0 0 0 0 8 0 0 0 0 9 0 0 0 0 0 0 0 0 0 0 0 0 7 0 0 0 0 0 25 13 34 37 32 0 26 9 19 23 15 13 15 11 11 0 13 11 0 0 0 0 0 
0 0 0 0 0 0 0 0 0 0 0 0 0 0 8 0 0 0 0 9 0 0 0 0 0 0 0 0 0 0 0 0 7 0 0 0 0 0 25 13 34 37 32 0 26 9 19 23 15 13 15 11 11 0 13 11 0 0 0 0 0 
0 0 0 0 0 0 0 0 0 0 0 0 0 0 8 0 0 0 0 9 0 0 0 0 0 0 0 0 0 0 0 0 7 0 0 0 0 0 24 13 34 39 34 0 29 18 19 23 16 15 15 11 11 0 16 11 0 0 0 0 0 
0 0 0 0 0 0 0 0 0 0 0 0 0 0 8 0 0 0 0 9 0 0 0 0 0 0 0 0 0 0 0 0 7 0 0 0 0 0 24 13 34 39 34 0 29 18 19 23 16 15 15 11 11 0 16 11 0 0 0 0 0 
0 0 0 0 0 0 0 0 0 0 0 0 0 0 8 0 0 0 0 9 0 0 0 0 0 0 0 0 0 0 0 0 7 0 0 0 0 0 24 13 34 39 34 0 29 18 19 23 16 15 15 11 11 0 16 11 0 0 0 0 0 
0 0 0 0 0 0 0 0 0 0 0 0 0 0 8 0 0 0 0 9 0 0 0 0 0 0 0 0 0 0 0 0 7 0 0 0 0 0 24 13 34 38 32 0 28 20 20 25 16 16 16 11 11 0 14 11 0 0 0 0 0 
0 0 0 0 0 0 0 0 0 0 0 0 0 0 8 0 0 0 0 9 0 0 0 0 0 0 0 0 0 0 0 0 7 0 0 0 0 0 24 13 34 38 32 0 28 20 20 25 16 16 16 11 11 0 14 11 0 0 0 0 0 
0 0 0 0 0 0 0 0 0 0 0 0 0 0 8 0 0 0 0 9 0 0 0 0 0 0 0 0 0 0 0 0 7 0 0 0 0 0 24 13 34 38 32 0 28 20 20 25 16 16 16 11 11 0 14 11 0 0 0 0 0 
0 0 0 0 0 0 0 0 0 0 0 0 0 0 8 0 0 0 0 9 0 0 0 0 0 0 0 0 0 0 0 0 7 0 0 0 0 0 25 13 34 40 9 0 29 19 15 23 16 16 15 11 11 0 15 11 0 0 0 0 0 
0 0 0 0 0 0 0 0 0 0 0 0 0 0 8 0 0 0 0 9 0 0 0 0 0 0 0 0 0 0 0 0 7 0 0 0 0 0 25 13 34 40 9 0 29 19 15 23 16 16 15 11 11 0 15 11 0 0 0 0 0 
0 0 0 0 0 0 0 0 0 0 0 0 0 0 8 0 0 0 0 9 0 0 0 0 0 0 0 0 0 0 0 0 7 0 0 0 0 0 25 13 34 40 9 0 29 19 15 23 16 16 15 11 11 0 15 11 0 0 0 0 0 
0 0 0 0 0 0 0 0 0 0 0 0 0 0 8 0 0 0 0 9 0 0 0 0 0 0 0 0 0 0 0 0 7 0 0 0 0 0 25 13 33 38 33 0 27 7 21 25 16 14 15 11 11 0 14 11 0 0 0 0 0 
0 0 0 0 0 0 0 0 0 0 0 0 0 0 8 0 0 0 0 9 0 0 0 0 0 0 0 0 0 0 0 0 7 0 0 0 0 0 25 13 33 38 33 0 27 7 21 25 16 14 15 11 11 0 14 11 0 0 0 0 0 
0 0 0 0 0 0 0 0 0 0 0 0 0 0 8 0 0 0 0 9 0 0 0 0 0 0 0 0 0 0 0 0 7 0 0 0 0 0 25 13 33 38 33 0 27 7 21 25 16 14 15 11 11 0 14 11 0 0 0 0 0 
0 0 0 0 0 0 0 0 0 0 0 0 0 0 8 0 0 0 0 9 0 0 0 0 0 0 0 0 0 0 0 0 7 0 0 0 0 0 26 13 33 37 33 0 27 21 20 23 16 14 14 11 11 0 17 11 0 0 0 0 0 
0 0 0 0 0 0 0 0 0 0 0 0 0 0 8 0 0 0 0 9 0 0 0 0 0 0 0 0 0 0 0 0 7 0 0 0 0 0 26 13 33 37 33 0 27 21 20 23 16 14 14 11 11 0 17 11 0 0 0 0 0 
0 0 0 0 0 0 0 0 0 0 0 0 0 0 8 0 0 0 0 9 0 0 0 0 0 0 0 0 0 0 0 0 7 0 0 0 0 0 26 13 33 37 33 0 27 21 20 23 16 14 14 11 11 0 17 11 0 0 0 0 0 
0 0 0 0 0 0 0 0 0 0 0 0 0 0 8 0 0 0 0 9 0 0 0 0 0 0 0 0 0 0 0 0 7 0 0 0 0 0 25 13 34 38 33 0 28 20 21 24 13 17 10 11 11 0 13 11 0 0 0 0 0 
0 0 0 0 0 0 0 0 0 0 0 0 0 0 8 0 0 0 0 9 0 0 0 0 0 0 0 0 0 0 0 0 7 0 0 0 0 0 25 13 34 38 33 0 28 20 21 24 13 17 10 11 11 0 13 11 0 0 0 0 0 
0 0 0 0 0 0 0 0 0 0 0 0 0 0 8 0 0 0 0 9 0 0 0 0 0 0 0 0 0 0 0 0 7 0 0 0 0 0 25 13 34 38 33 0 28 20 21 24 13 17 10 11 11 0 13 11 0 0 0 0 0 
0 0 0 0 0 0 0 0 0 0 0 0 0 0 8 0 0 0 0 9 0 0 0 0 0 0 0 0 0 0 0 0 7 0 0 0 0 0 28 15 35 16 31 0 29 5 19 23 13 16 13 11 11 0 15 11 0 0 0 0 0 
0 0 0 0 0 0 0 0 0 0 0 0 0 0 8 0 0 0 0 9 0 0 0 0 0 0 0 0 0 0 0 0 7 0 0 0 0 0 28 15 35 16 31 0 29 5 19 23 13 16 13 11 11 0 15 11 0 0 0 0 0 
0 0 0 0 0 0 0 0 0 0 0 0 0 0 8 0 0 0 0 9 0 0 0 0 0 0 0 0 0 0 0 0 7 0 0 0 0 0 28 15 35 16 31 0 29 5 19 23 13 16 13 11 11 0 15 11 0 0 0 0 0 
0 0 0 0 0 0 0 0 0 0 0 0 0 0 8 0 0 0 0 9 6 0 0 0 0 0 0 0 0 0 0 0 7 0 0 0 0 0 25 15 34 38 32 0 25 15 21 23 16 12 14 11 11 0 14 11 0 0 0 0 0 
0 0 0 0 0 0 0 0 0 0 0 0 0 0 8 0 0 0 0 9 6 0 0 0 0 0 0 0 0 0 0 0 7 0 0 0 0 0 25 15 34 38 32 0 25 15 21 23 16 12 14 11 11 0 14 11 0 0 0 0 0 
0 0 0 0 0 0 0 0 0 0 0 0 0 0 8 0 0 0 0 9 6 0 0 0 0 0 0 0 0 0 0 0 7 0 0 0 0 0 25 15 34 38 32 0 25 15 21 23 16 12 14 11 11 0 14 11 0 0 0 0 0 
0 0 0 0 0 0 0 0 0 0 0 0 0 0 8 0 0 0 0 9 6 0 0 0 0 0 0 0 0 0 8 0 7 0 0 0 0 0 18 15 34 37 12 0 27 19 20 23 16 17 16 9 11 0 14 11 0 0 0 0 0 
0 0 0 0 0 0 0 0 0 0 0 0 0 0 8 0 0 0 0 9 6 0 0 0 0 0 0 0 0 0 8 0 7 0 0 0 0 0 18 15 34 37 12 0 27 19 20 23 16 17 16 9 11 0 14 11 0 0 0 0 0 
0 0 0 0 0 0 0 0 0 0 0 0 0 0 8 0 0 0 0 9 6 0 0 0 0 0 0 0 0 0 8 0 7 0 0 0 0 0 18 15 34 37 12 0 27 19 20 23 16 17 16 9 11 0 14 11 0 0 0 0 0 
0 0 0 0 0 0 0 0 0 0 0 0 0 0 8 0 0 0 0 9 6 0 0 0 0 0 0 0 0 0 8 0 7 0 0 0 0 0 26 15 15 18 36 0 27 18 21 25 16 15 19 9 11 0 15 11 0 0 0 0 0 
0 0 0 0 0 0 0 0 0 0 0 0 0 0 8 0 0 0 0 9 6 0 0 0 0 0 0 0 0 0 8 0 7 0 0 0 0 0 26 15 15 18 36 0 27 18 21 25 16 15 19 9 11 0 15 11 0 0 0 0 0 
0 0 0 0 0 0 0 0 0 0 0 0 0 0 8 0 0 0 0 9 6 0 0 0 0 0 0 0 0 0 8 0 7 0 0 0 0 0 26 15 15 18 36 0 27 18 21 25 16 15 19 9 11 0 15 11 0 0 0 0 0 
0 0 0 0 0 0 0 0 0 0 0 0 0 0 8 0 0 0 0 9 6 0 0 0 0 0 0 0 0 0 8 0 7 0 0 0 0 0 25 15 34 37 31 0 27 18 21 23 15 15 15 9 11 0 15 11 0 0 0 0 0 
0 0 0 0 0 0 0 0 0 0 0 0 0 0 8 0 0 0 0 9 6 0 0 0 0 0 0 0 0 0 8 0 7 0 0 0 0 0 25 15 34 37 31 0 27 18 21 23 15 15 15 9 11 0 15 11 0 0 0 0 0 
0 0 0 0 0 0 0 0 0 0 0 0 0 0 8 0 0 0 0 9 6 0 0 0 0 0 0 0 0 0 8 0 7 0 0 0 0 0 25 15 34 37 31 0 27 18 21 23 15 15 15 9 11 0 15 11 0 0 0 0 0 
0 0 0 0 0 0 0 0 0 0 0 0 0 0 8 0 0 0 0 8 6 0 0 0 0 0 0 0 0 0 8 0 7 0 0 0 0 0 25 15 11 38 34 0 27 18 23 24 15 17 15 9 11 0 15 11 0 0 0 0 0 
0 0 0 0 0 0 0 0 0 0 0 0 0 0 8 0 0 0 0 8 6 0 0 0 0 0 0 0 0 0 8 0 7 0 0 0 0 0 25 15 11 38 34 0 27 18 23 24 15 17 15 9 11 0 15 11 0 0 0 0 0 
0 0 0 0 0 0 0 0 0 0 0 0 0 0 8 0 0 0 0 8 6 0 0 0 0 0 0 0 0 0 8 0 7 0 0 0 0 0 25 15 11 38 34 0 27 18 23 24 15 17 15 9 11 0 15 11 0 0 0 0 0 
0 0 0 0 0 0 0 0 0 0 0 0 0 0 8 0 0 0 0 8 6 0 0 0 0 0 0 0 0 0 8 0 7 0 0 0 0 0 25 16 15 14 33 0 25 18 21 24 15 15 15 9 11 0 13 11 0 0 0 0 0 
0 0 0 0 0 0 0 0 0 0 0 0 0 0 8 0 0 0 0 8 6 0 0 0 0 0 0 0 0 0 8 0 7 0 0 0 0 0 25 16 15 14 33 0 25 18 21 24 15 15 15 9 11 0 13 11 0 0 0 0 0 
0 0 0 0 0 0 0 0 0 0 0 0 0 0 8 0 0 0 0 8 6 0 0 0 0 0 0 0 0 0 8 0 7 0 0 0 0 0 25 16 15 14 33 0 25 18 21 24 15 15 15 9 11 0 13 11 0 0 0 0 0 
0 0 0 0 0 0 0 0 0 0 0 0 0 0 8 0 0 0 0 8 6 0 0 0 0 0 0 0 0 0 8 0 7 0 0 0 0 0 25 16 35 38 33 0 30 19 20 21 15 16 12 9 11 0 15 11 0 0 0 0 0 
0 0 0 0 0 0 0 0 0 0 0 0 0 0 8 0 0 0 0 8 6 0 0 0 0 0 0 0 0 0 8 0 7 0 0 0 0 0 25 16 35 38 33 0 30 19 20 21 15 16 12 9 11 0 15 11 0 0 0 0 0 
0 0 0 0 0 0 0 0 0 0 0 0 0 0 8 0 0 0 0 8 6 0 0 0 0 0 0 0 0 0 8 0 7 0 0 0 0 0 25 16 35 38 33 0 30 19 20 21 15 16 12 9 11 0 15 11 0 0 0 0 0 
0 0 0 0 0 0 0 0 0 0 0 0 0 0 8 0 0 0 0 8 6 0 0 0 0 0 0 0 0 0 8 0 7 0 0 0 0 0 24 16 38 38 32 0 28 19 20 22 15 15 8 9 11 0 15 11 0 0 0 0 0 
0 0 0 0 0 0 0 0 0 0 0 0 0 0 8 0 0 0 0 8 6 0 0 0 0 0 0 0 0 0 8 0 7 0 0 0 0 0 24 16 38 38 32 0 28 19 20 22 15 15 8 9 11 0 15 11 0 0 0 0 0 
0 0 0 0 0 0 0 0 0 0 0 0 0 0 8 0 0 0 0 8 6 0 0 0 0 0 0 0 0 0 8 0 7 0 0 0 0 0 24 16 38 38 32 0 28 19 20 22 15 15 8 9 11 0 15 11 0 0 0 0 0 
0 0 0 0 0 0 0 0 0 0 0 0 0 0 8 0 0 0 0 8 6 0 0 0 0 0 0 0 0 0 8 0 7 0 0 0 0 0 25 16 34 41 32 0 28 19 21 21 15 15 8 9 11 0 13 11 0 0 0 0 0 
0 0 0 0 0 0 0 0 0 0 0 0 0 0 8 0 0 0 0 8 6 0 0 0 0 0 0 0 0 0 8 0 7 0 0 0 0 0 25 16 34 41 32 0 28 19 21 21 15 15 8 9 11 0 13 11 0 0 0 0 0 
0 0 0 0 0 0 0 0 0 0 0 0 0 0 8 0 0 0 0 8 6 0 0 0 0 0 0 0 0 0 8 0 7 0 0 0 0 0 25 16 34 41 32 0 28 19 21 21 15 15 8 9 11 0 13 11 0 0 0 0 0 
0 0 0 0 0 0 0 0 0 0 0 0 0 0 8 0 0 0 0 8 6 0 0 0 0 0 0 0 0 0 8 0 7 0 0 0 0 0 25 16 34 37 33 0 28 18 21 21 28 17 8 9 11 0 13 11 0 0 0 0 0 
0 0 0 0 0 0 0 0 0 0 0 0 0 0 8 0 0 0 0 8 6 0 0 0 0 0 0 0 0 0 8 0 7 0 0 0 0 0 25 16 34 37 33 0 28 18 21 21 28 17 8 9 11 0 13 11 0 0 0 0 0 
0 0 0 0 0 0 0 0 0 0 0 0 0 0 8 0 0 0 0 8 6 0 0 0 0 0 0 0 0 0 8 0 7 0 0 0 0 0 25 16 34 37 33 0 28 18 21 21 28 17 8 9 11 0 13 11 0 0 0 0 0 
0 0 0 0 0 0 0 0 0 0 0 0 0 0 8 0 0 0 0 8 6 0 0 0 0 0 0 0 0 0 8 0 7 0 0 0 0 0 25 15 34 12 34 0 28 22 21 23 17 17 8 13 11 0 13 10 0 0 0 0 0 
0 0 0 0 0 0 0 0 0 0 0 0 0 0 8 0 0 0 0 8 6 0 0 0 0 0 0 0 0 0 8 0 7 0 0 0 0 0 25 15 34 12 34 0 28 22 21 23 17 17 8 13 11 0 13 10 0 0 0 0 0 
0 0 0 0 0 0 0 0 0 0 0 0 0 0 8 0 0 0 0 8 6 0 0 0 0 0 0 0 0 0 8 0 7 0 0 0 0 0 25 15 34 12 34 0 28 22 21 23 17 17 8 13 11 0 13 10 0 0 0 0 0 
