
0 0 0 0 0 0 0 0 0 0 0 0 0 0 0 0 0 0 0 0 0 0 0 0 0 0 0 0 0 0 0 0 0 0 0 0 0 0 23 0 32 33 29 0 26 15 23 20 0 0 13 0 0 0 13 0 0 0 0 0 0 
0 0 0 0 0 0 0 0 0 0 0 0 0 0 0 0 0 0 0 0 0 0 0 0 0 0 0 0 0 0 0 0 0 0 0 0 0 0 23 0 32 33 29 0 26 15 23 20 0 0 13 0 0 0 13 0 0 0 0 0 0 
0 0 0 0 0 0 0 0 0 0 0 0 0 0 0 0 0 0 0 0 0 0 0 0 0 0 0 0 0 0 0 0 0 0 0 0 0 0 23 0 32 33 29 0 26 15 23 20 0 0 13 0 0 0 13 0 0 0 0 0 0 
0 0 0 0 0 0 0 0 0 0 0 0 0 0 0 0 0 0 0 0 0 0 0 0 0 0 0 0 0 0 0 0 7 0 0 0 0 0 29 0 34 33 31 0 24 21 18 20 13 15 13 0 0 0 13 0 0 0 0 0 0 
0 0 0 0 0 0 0 0 0 0 0 0 0 0 0 0 0 0 0 0 0 0 0 0 0 0 0 0 0 0 0 0 7 0 0 0 0 0 29 0 34 33 31 0 24 21 18 20 13 15 13 0 0 0 13 0 0 0 0 0 0 
0 0 0 0 0 0 0 0 0 0 0 0 0 0 0 0 0 0 0 0 0 0 0 0 0 0 0 0 0 0 0 0 7 0 0 0 0 0 29 0 34 33 31 0 24 21 18 20 13 15 13 0 0 0 13 0 0 0 0 0 0 
0 0 0 0 0 0 0 0 0 0 0 0 0 0 0 0 0 0 0 0 0 0 0 0 0 0 0 0 0 0 0 0 7 0 0 0 0 0 30 0 34 24 20 0 25 21 17 20 15 16 13 0 0 0 17 0 0 0 0 0 0 
0 0 0 0 0 0 0 0 0 0 0 0 0 0 0 0 0 0 0 0 0 0 0 0 0 0 0 0 0 0 0 0 7 0 0 0 0 0 30 0 34 24 20 0 25 21 17 20 15 16 13 0 0 0 17 0 0 0 0 0 0 
0 0 0 0 0 0 0 0 0 0 0 0 0 0 0 0 0 0 0 0 0 0 0 0 0 0 0 0 0 0 0 0 7 0 0 0 0 0 30 0 34 24 20 0 25 21 17 20 15 16 13 0 0 0 17 0 0 0 0 0 0 
0 0 0 0 0 0 0 0 0 0 0 0 0 0 0 0 0 0 0 0 0 0 0 0 0 0 0 0 0 0 0 0 7 0 0 0 0 0 28 24 34 25 30 0 18 22 17 20 15 17 13 0 0 0 17 0 0 0 0 0 0 
0 0 0 0 0 0 0 0 0 0 0 0 0 0 0 0 0 0 0 0 0 0 0 0 0 0 0 0 0 0 0 0 7 0 0 0 0 0 28 24 34 25 30 0 18 22 17 20 15 17 13 0 0 0 17 0 0 0 0 0 0 
0 0 0 0 0 0 0 0 0 0 0 0 0 0 0 0 0 0 0 0 0 0 0 0 0 0 0 0 0 0 0 0 7 0 0 0 0 0 28 24 34 25 30 0 18 22 17 20 15 17 13 0 0 0 17 0 0 0 0 0 0 
0 0 0 0 0 0 0 0 0 0 0 0 0 0 0 0 0 0 0 0 0 0 0 0 0 0 0 0 0 0 0 0 7 0 0 0 0 0 29 24 35 21 28 0 26 22 16 19 14 15 13 0 0 0 13 0 0 0 0 0 0 
0 0 0 0 0 0 0 0 0 0 0 0 0 0 0 0 0 0 0 0 0 0 0 0 0 0 0 0 0 0 0 0 7 0 0 0 0 0 29 24 35 21 28 0 26 22 16 19 14 15 13 0 0 0 13 0 0 0 0 0 0 
0 0 0 0 0 0 0 0 0 0 0 0 0 0 0 0 0 0 0 0 0 0 0 0 0 0 0 0 0 0 0 0 7 0 0 0 0 0 29 24 35 21 28 0 26 22 16 19 14 15 13 0 0 0 13 0 0 0 0 0 0 
0 0 0 0 0 0 0 0 0 0 0 0 0 0 0 0 0 0 0 0 0 0 0 0 0 0 0 0 0 0 0 0 7 0 0 0 0 0 28 22 34 21 29 0 24 22 17 17 14 17 13 0 0 0 15 10 0 0 0 0 0 
0 0 0 0 0 0 0 0 0 0 0 0 0 0 0 0 0 0 0 0 0 0 0 0 0 0 0 0 0 0 0 0 7 0 0 0 0 0 28 22 34 21 29 0 24 22 17 17 14 17 13 0 0 0 15 10 0 0 0 0 0 
0 0 0 0 0 0 0 0 0 0 0 0 0 0 0 0 0 0 0 0 0 0 0 0 0 0 0 0 0 0 0 0 7 0 0 0 0 0 28 22 34 21 29 0 24 22 17 17 14 17 13 0 0 0 15 10 0 0 0 0 0 
0 0 0 0 0 0 0 0 0 0 0 0 0 0 0 0 0 0 0 0 0 0 0 0 0 0 0 0 0 0 0 0 7 0 0 0 0 0 28 22 35 20 28 0 27 21 17 18 14 17 13 0 0 0 17 10 0 0 0 0 0 
0 0 0 0 0 0 0 0 0 0 0 0 0 0 0 0 0 0 0 0 0 0 0 0 0 0 0 0 0 0 0 0 7 0 0 0 0 0 28 22 35 20 28 0 27 21 17 18 14 17 13 0 0 0 17 10 0 0 0 0 0 
0 0 0 0 0 0 0 0 0 0 0 0 0 0 0 0 0 0 0 0 0 0 0 0 0 0 0 0 0 0 0 0 7 0 0 0 0 0 28 22 35 20 28 0 27 21 17 18 14 17 13 0 0 0 17 10 0 0 0 0 0 
0 0 0 0 0 0 0 0 0 0 0 0 0 0 0 0 0 0 0 0 0 0 0 0 0 0 0 0 0 0 0 0 6 0 0 0 0 0 29 22 34 23 27 0 24 23 17 18 14 20 13 0 0 0 17 10 0 0 0 0 0 
0 0 0 0 0 0 0 0 0 0 0 0 0 0 0 0 0 0 0 0 0 0 0 0 0 0 0 0 0 0 0 0 6 0 0 0 0 0 29 22 34 23 27 0 24 23 17 18 14 20 13 0 0 0 17 10 0 0 0 0 0 
0 0 0 0 0 0 0 0 0 0 0 0 0 0 0 0 0 0 0 0 0 0 0 0 0 0 0 0 0 0 0 0 6 0 0 0 0 0 29 22 34 23 27 0 24 23 17 18 14 20 13 0 0 0 17 10 0 0 0 0 0 
0 0 0 0 0 0 0 0 0 0 0 0 0 0 0 0 0 0 0 0 0 0 0 0 0 0 0 0 0 0 0 0 6 0 0 0 0 0 29 22 35 23 34 0 24 24 17 17 14 18 13 0 0 0 16 10 0 0 0 0 0 
0 0 0 0 0 0 0 0 0 0 0 0 0 0 0 0 0 0 0 0 0 0 0 0 0 0 0 0 0 0 0 0 6 0 0 0 0 0 29 22 35 23 34 0 24 24 17 17 14 18 13 0 0 0 16 10 0 0 0 0 0 
0 0 0 0 0 0 0 0 0 0 0 0 0 0 0 0 0 0 0 0 0 0 0 0 0 0 0 0 0 0 0 0 6 0 0 0 0 0 29 22 35 23 34 0 24 24 17 17 14 18 13 0 0 0 16 10 0 0 0 0 0 
0 0 0 0 0 0 0 0 0 0 0 0 0 0 0 0 0 0 0 0 0 0 0 0 0 0 0 0 0 0 0 0 8 0 0 0 0 0 29 22 35 15 29 0 25 24 20 18 14 15 13 0 0 0 16 11 0 0 0 0 0 
0 0 0 0 0 0 0 0 0 0 0 0 0 0 0 0 0 0 0 0 0 0 0 0 0 0 0 0 0 0 0 0 8 0 0 0 0 0 29 22 35 15 29 0 25 24 20 18 14 15 13 0 0 0 16 11 0 0 0 0 0 
0 0 0 0 0 0 0 0 0 0 0 0 0 0 0 0 0 0 0 0 0 0 0 0 0 0 0 0 0 0 0 0 8 0 0 0 0 0 29 22 35 15 29 0 25 24 20 18 14 15 13 0 0 0 16 11 0 0 0 0 0 
0 0 0 0 0 0 0 0 0 0 0 0 0 0 0 0 0 0 0 0 0 0 0 0 0 0 0 0 0 0 0 0 8 0 0 0 0 0 29 20 35 22 27 0 24 26 19 18 14 17 13 0 0 0 16 11 0 0 0 0 0 
0 0 0 0 0 0 0 0 0 0 0 0 0 0 0 0 0 0 0 0 0 0 0 0 0 0 0 0 0 0 0 0 8 0 0 0 0 0 29 20 35 22 27 0 24 26 19 18 14 17 13 0 0 0 16 11 0 0 0 0 0 
0 0 0 0 0 0 0 0 0 0 0 0 0 0 0 0 0 0 0 0 0 0 0 0 0 0 0 0 0 0 0 0 8 0 0 0 0 0 29 20 35 22 27 0 24 26 19 18 14 17 13 0 0 0 16 11 0 0 0 0 0 
0 0 0 0 0 0 0 0 0 0 0 0 0 0 0 0 0 0 0 0 0 0 0 0 0 0 0 0 0 0 0 0 8 0 0 0 0 0 30 22 34 24 27 0 19 22 19 18 14 15 13 0 0 0 16 11 0 0 0 0 0 
0 0 0 0 0 0 0 0 0 0 0 0 0 0 0 0 0 0 0 0 0 0 0 0 0 0 0 0 0 0 0 0 8 0 0 0 0 0 30 22 34 24 27 0 19 22 19 18 14 15 13 0 0 0 16 11 0 0 0 0 0 
0 0 0 0 0 0 0 0 0 0 0 0 0 0 0 0 0 0 0 0 0 0 0 0 0 0 0 0 0 0 0 0 8 0 0 0 0 0 30 22 34 24 27 0 19 22 19 18 14 15 13 0 0 0 16 11 0 0 0 0 0 
0 0 0 0 0 0 0 0 0 0 0 0 0 0 0 0 0 0 0 0 0 0 0 0 0 0 0 0 0 0 0 0 8 0 0 0 0 0 29 22 34 24 27 0 28 23 19 18 14 18 8 0 0 0 12 11 0 0 0 0 0 
0 0 0 0 0 0 0 0 0 0 0 0 0 0 0 0 0 0 0 0 0 0 0 0 0 0 0 0 0 0 0 0 8 0 0 0 0 0 29 22 34 24 27 0 28 23 19 18 14 18 8 0 0 0 12 11 0 0 0 0 0 
0 0 0 0 0 0 0 0 0 0 0 0 0 0 0 0 0 0 0 0 0 0 0 0 0 0 0 0 0 0 0 0 8 0 0 0 0 0 29 22 34 24 27 0 28 23 19 18 14 18 8 0 0 0 12 11 0 0 0 0 0 
0 0 0 0 0 0 0 0 0 0 0 0 0 0 0 0 0 0 0 0 0 0 0 0 0 0 0 0 0 0 0 0 8 0 0 0 0 0 10 22 7 7 28 0 28 23 17 18 11 18 8 0 0 0 15 11 0 0 0 0 0 
0 0 0 0 0 0 0 0 0 0 0 0 0 0 0 0 0 0 0 0 0 0 0 0 0 0 0 0 0 0 0 0 8 0 0 0 0 0 10 22 7 7 28 0 28 23 17 18 11 18 8 0 0 0 15 11 0 0 0 0 0 
0 0 0 0 0 0 0 0 0 0 0 0 0 0 0 0 0 0 0 0 0 0 0 0 0 0 0 0 0 0 0 0 8 0 0 0 0 0 10 22 7 7 28 0 28 23 17 18 11 18 8 0 0 0 15 11 0 0 0 0 0 
0 0 0 0 0 0 0 0 0 0 0 0 0 0 0 0 0 0 6 0 0 0 0 0 0 0 0 0 0 0 0 0 8 0 0 0 0 0 32 13 24 18 27 0 26 21 17 10 11 18 8 0 0 0 14 11 0 0 0 0 0 
0 0 0 0 0 0 0 0 0 0 0 0 0 0 0 0 0 0 6 0 0 0 0 0 0 0 0 0 0 0 0 0 8 0 0 0 0 0 32 13 24 18 27 0 26 21 17 10 11 18 8 0 0 0 14 11 0 0 0 0 0 
0 0 0 0 0 0 0 0 0 0 0 0 0 0 0 0 0 0 6 0 0 0 0 0 0 0 0 0 0 0 0 0 8 0 0 0 0 0 32 13 24 18 27 0 26 21 17 10 11 18 8 0 0 0 14 11 0 0 0 0 0 
0 0 0 0 0 0 0 0 0 0 0 0 0 0 0 0 0 0 6 0 0 0 0 0 0 0 0 0 0 0 0 0 8 0 0 0 0 0 27 13 20 26 32 0 25 21 16 10 12 16 8 0 0 0 14 11 0 0 0 0 0 
0 0 0 0 0 0 0 0 0 0 0 0 0 0 0 0 0 0 6 0 0 0 0 0 0 0 0 0 0 0 0 0 8 0 0 0 0 0 27 13 20 26 32 0 25 21 16 10 12 16 8 0 0 0 14 11 0 0 0 0 0 
0 0 0 0 0 0 0 0 0 0 0 0 0 0 0 0 0 0 6 0 0 0 0 0 0 0 0 0 0 0 0 0 8 0 0 0 0 0 27 13 20 26 32 0 25 21 16 10 12 16 8 0 0 0 14 11 0 0 0 0 0 
0 0 0 0 0 0 0 0 0 0 0 0 0 0 0 0 0 0 6 0 0 0 0 0 0 0 0 0 0 0 0 0 8 0 0 0 0 0 30 13 36 26 29 0 24 21 18 10 12 18 8 0 0 0 15 11 0 0 0 0 0 
0 0 0 0 0 0 0 0 0 0 0 0 0 0 0 0 0 0 6 0 0 0 0 0 0 0 0 0 0 0 0 0 8 0 0 0 0 0 30 13 36 26 29 0 24 21 18 10 12 18 8 0 0 0 15 11 0 0 0 0 0 
0 0 0 0 0 0 0 0 0 0 0 0 0 0 0 0 0 0 6 0 0 0 0 0 0 0 0 0 0 0 0 0 8 0 0 0 0 0 30 13 36 26 29 0 24 21 18 10 12 18 8 0 0 0 15 11 0 0 0 0 0 
0 0 0 0 0 0 0 0 0 0 0 0 0 0 0 0 0 0 6 0 0 0 0 0 0 0 0 0 0 0 0 0 8 0 0 0 0 9 29 13 35 26 29 0 25 21 19 17 12 17 10 0 0 0 16 10 0 0 0 0 0 
0 0 0 0 0 0 0 0 0 0 0 0 0 0 0 0 0 0 6 0 0 0 0 0 0 0 0 0 0 0 0 0 8 0 0 0 0 9 29 13 35 26 29 0 25 21 19 17 12 17 10 0 0 0 16 10 0 0 0 0 0 
0 0 0 0 0 0 0 0 0 0 0 0 0 0 0 0 0 0 6 0 0 0 0 0 0 0 0 0 0 0 0 0 8 0 0 0 0 9 29 13 35 26 29 0 25 21 19 17 12 17 10 0 0 0 16 10 0 0 0 0 0 
0 0 0 0 0 0 0 0 0 0 0 0 0 0 0 0 0 7 6 0 0 0 0 0 0 0 0 0 0 0 0 0 8 0 7 0 0 9 28 22 35 20 29 0 24 20 18 16 12 15 10 0 0 0 16 10 0 0 0 0 0 
0 0 0 0 0 0 0 0 0 0 0 0 0 0 0 0 0 7 6 0 0 0 0 0 0 0 0 0 0 0 0 0 8 0 7 0 0 9 28 22 35 20 29 0 24 20 18 16 12 15 10 0 0 0 16 10 0 0 0 0 0 
0 0 0 0 0 0 0 0 0 0 0 0 0 0 0 0 0 7 6 0 0 0 0 0 0 0 0 0 0 0 0 0 8 0 7 0 0 9 28 22 35 20 29 0 24 20 18 16 12 15 10 0 0 0 16 10 0 0 0 0 0 
0 0 0 0 0 0 0 0 0 0 0 0 0 0 0 0 0 7 6 0 0 0 0 0 0 0 0 0 0 0 0 0 7 0 7 0 0 9 29 22 35 19 28 0 24 21 19 16 12 16 10 0 0 0 14 10 0 0 0 0 0 
0 0 0 0 0 0 0 0 0 0 0 0 0 0 0 0 0 7 6 0 0 0 0 0 0 0 0 0 0 0 0 0 7 0 7 0 0 9 29 22 35 19 28 0 24 21 19 16 12 16 10 0 0 0 14 10 0 0 0 0 0 
0 0 0 0 0 0 0 0 0 0 0 0 0 0 0 0 0 7 6 0 0 0 0 0 0 0 0 0 0 0 0 0 7 0 7 0 0 9 29 22 35 19 28 0 24 21 19 16 12 16 10 0 0 0 14 10 0 0 0 0 0 
0 0 0 0 0 0 0 0 0 0 0 0 0 0 0 0 0 7 6 0 0 0 0 0 0 0 0 0 0 0 0 0 7 0 7 0 0 9 28 21 35 21 29 0 25 22 19 16 13 16 10 0 0 0 14 10 0 0 0 0 0 
0 0 0 0 0 0 0 0 0 0 0 0 0 0 0 0 0 7 6 0 0 0 0 0 0 0 0 0 0 0 0 0 7 0 7 0 0 9 28 21 35 21 29 0 25 22 19 16 13 16 10 0 0 0 14 10 0 0 0 0 0 
0 0 0 0 0 0 0 0 0 0 0 0 0 0 0 0 0 7 6 0 0 0 0 0 0 0 0 0 0 0 0 0 7 0 7 0 0 9 28 21 35 21 29 0 25 22 19 16 13 16 10 0 0 0 14 10 0 0 0 0 0 
0 0 0 0 0 0 0 0 0 0 0 0 0 0 0 0 0 7 6 0 0 0 0 0 0 0 0 0 0 0 0 0 7 0 7 0 0 9 27 21 35 29 28 0 23 21 19 16 13 16 10 0 0 0 13 10 0 0 0 0 0 
0 0 0 0 0 0 0 0 0 0 0 0 0 0 0 0 0 7 6 0 0 0 0 0 0 0 0 0 0 0 0 0 7 0 7 0 0 9 27 21 35 29 28 0 23 21 19 16 13 16 10 0 0 0 13 10 0 0 0 0 0 
0 0 0 0 0 0 0 0 0 0 0 0 0 0 0 0 0 7 6 0 0 0 0 0 0 0 0 0 0 0 0 0 7 0 7 0 0 9 27 21 35 29 28 0 23 21 19 16 13 16 10 0 0 0 13 10 0 0 0 0 0 
0 0 0 0 0 0 0 0 0 0 0 0 0 0 0 0 0 7 6 0 0 0 0 0 0 0 0 0 0 0 0 0 7 0 7 0 0 9 29 21 35 26 33 0 22 22 20 16 13 15 10 0 0 0 15 10 0 0 0 0 0 
0 0 0 0 0 0 0 0 0 0 0 0 0 0 0 0 0 7 6 0 0 0 0 0 0 0 0 0 0 0 0 0 7 0 7 0 0 9 29 21 35 26 33 0 22 22 20 16 13 15 10 0 0 0 15 10 0 0 0 0 0 
0 0 0 0 0 0 0 0 0 0 0 0 0 0 0 0 0 7 6 0 0 0 0 0 0 0 0 0 0 0 0 0 7 0 7 0 0 9 29 21 35 26 33 0 22 22 20 16 13 15 10 0 0 0 15 10 0 0 0 0 0 
0 0 0 0 0 0 0 0 0 0 0 0 0 0 0 0 0 7 6 0 0 0 0 0 0 0 0 0 0 0 0 0 7 11 7 0 0 9 28 19 35 26 32 0 25 19 20 17 13 16 10 0 0 0 16 9 0 0 0 0 0 
0 0 0 0 0 0 0 0 0 0 0 0 0 0 0 0 0 7 6 0 0 0 0 0 0 0 0 0 0 0 0 0 7 11 7 0 0 9 28 19 35 26 32 0 25 19 20 17 13 16 10 0 0 0 16 9 0 0 0 0 0 
0 0 0 0 0 0 0 0 0 0 0 0 0 0 0 0 0 7 6 0 0 0 0 0 0 0 0 0 0 0 0 0 7 11 7 0 0 9 28 19 35 26 32 0 25 19 20 17 13 16 10 0 0 0 16 9 0 0 0 0 0 
0 0 0 0 0 0 0 0 0 0 0 0 0 0 0 0 0 7 6 0 0 0 0 0 0 0 0 0 0 0 0 0 7 11 7 0 0 9 24 19 35 26 28 0 13 22 21 14 13 13 10 0 0 0 16 9 0 0 0 0 0 
0 0 0 0 0 0 0 0 0 0 0 0 0 0 0 0 0 7 6 0 0 0 0 0 0 0 0 0 0 0 0 0 7 11 7 0 0 9 24 19 35 26 28 0 13 22 21 14 13 13 10 0 0 0 16 9 0 0 0 0 0 
0 0 0 0 0 0 0 0 0 0 0 0 0 0 0 0 0 7 6 0 0 0 0 0 0 0 0 0 0 0 0 0 7 11 7 0 0 9 24 19 35 26 28 0 13 22 21 14 13 13 10 0 0 0 16 9 0 0 0 0 0 
0 0 0 0 0 0 0 0 0 0 0 0 0 0 0 0 0 7 6 0 0 0 0 0 0 0 0 0 0 0 0 0 7 11 7 0 0 9 27 19 35 28 9 0 25 21 23 18 13 17 9 0 0 0 15 9 0 0 0 0 0 
0 0 0 0 0 0 0 0 0 0 0 0 0 0 0 0 0 7 6 0 0 0 0 0 0 0 0 0 0 0 0 0 7 11 7 0 0 9 27 19 35 28 9 0 25 21 23 18 13 17 9 0 0 0 15 9 0 0 0 0 0 
0 0 0 0 0 0 0 0 0 0 0 0 0 0 0 0 0 7 6 0 0 0 0 0 0 0 0 0 0 0 0 0 7 11 7 0 0 9 27 19 35 28 9 0 25 21 23 18 13 17 9 0 0 0 15 9 0 0 0 0 0 
0 0 0 0 0 0 0 0 0 0 0 0 0 0 0 0 0 7 6 0 0 0 0 0 0 0 0 0 0 0 0 0 7 11 7 0 0 9 28 19 33 27 30 0 23 22 18 18 11 17 9 7 0 0 16 9 0 0 0 0 0 
0 0 0 0 0 0 0 0 0 0 0 0 0 0 0 0 0 7 6 0 0 0 0 0 0 0 0 0 0 0 0 0 7 11 7 0 0 9 28 19 33 27 30 0 23 22 18 18 11 17 9 7 0 0 16 9 0 0 0 0 0 
0 0 0 0 0 0 0 0 0 0 0 0 0 0 0 0 0 7 6 0 0 0 0 0 0 0 0 0 0 0 0 0 7 11 7 0 0 9 28 19 33 27 30 0 23 22 18 18 11 17 9 7 0 0 16 9 0 0 0 0 0 
0 0 0 0 0 0 0 0 0 0 0 0 0 0 0 0 0 7 6 0 0 0 0 0 0 0 0 0 0 0 0 0 7 11 7 0 0 9 28 19 36 27 30 0 27 22 18 17 11 17 9 7 0 0 15 9 0 0 0 0 0 
0 0 0 0 0 0 0 0 0 0 0 0 0 0 0 0 0 7 6 0 0 0 0 0 0 0 0 0 0 0 0 0 7 11 7 0 0 9 28 19 36 27 30 0 27 22 18 17 11 17 9 7 0 0 15 9 0 0 0 0 0 
0 0 0 0 0 0 0 0 0 0 0 0 0 0 0 0 0 7 6 0 0 0 0 0 0 0 0 0 0 0 0 0 7 11 7 0 0 9 28 19 36 27 30 0 27 22 18 17 11 17 9 7 0 0 15 9 0 0 0 0 0 
0 0 0 0 0 0 0 0 0 0 0 0 0 0 0 0 0 7 6 0 0 0 0 0 0 0 0 0 0 0 0 0 7 11 7 0 0 9 12 19 34 26 27 0 10 23 20 17 11 21 9 13 0 0 15 8 0 0 0 0 0 
0 0 0 0 0 0 0 0 0 0 0 0 0 0 0 0 0 7 6 0 0 0 0 0 0 0 0 0 0 0 0 0 7 11 7 0 0 9 12 19 34 26 27 0 10 23 20 17 11 21 9 13 0 0 15 8 0 0 0 0 0 
0 0 0 0 0 0 0 0 0 0 0 0 0 0 0 0 0 7 6 0 0 0 0 0 0 0 0 0 0 0 0 0 7 11 7 0 0 9 12 19 34 26 27 0 10 23 20 17 11 21 9 13 0 0 15 8 0 0 0 0 0 
0 0 0 0 0 0 0 0 0 0 0 0 0 0 0 0 0 7 6 0 0 0 0 0 0 0 0 0 0 0 0 0 7 11 7 0 0 9 29 19 34 17 28 0 25 22 18 16 11 17 10 13 0 0 16 8 0 0 0 0 0 
0 0 0 0 0 0 0 0 0 0 0 0 0 0 0 0 0 7 6 0 0 0 0 0 0 0 0 0 0 0 0 0 7 11 7 0 0 9 29 19 34 17 28 0 25 22 18 16 11 17 10 13 0 0 16 8 0 0 0 0 0 
0 0 0 0 0 0 0 0 0 0 0 0 0 0 0 0 0 7 6 0 0 0 0 0 0 0 0 0 0 0 0 0 7 11 7 0 0 9 29 19 34 17 28 0 25 22 18 16 11 17 10 13 0 0 16 8 0 0 0 0 0 
0 0 0 0 0 0 0 0 0 0 0 0 0 0 0 0 0 7 5 0 0 0 0 0 0 0 0 0 0 0 0 0 7 11 7 0 0 9 20 19 35 26 30 0 24 21 20 17 13 18 10 13 0 0 16 8 0 0 0 0 0 
0 0 0 0 0 0 0 0 0 0 0 0 0 0 0 0 0 7 5 0 0 0 0 0 0 0 0 0 0 0 0 0 7 11 7 0 0 9 20 19 35 26 30 0 24 21 20 17 13 18 10 13 0 0 16 8 0 0 0 0 0 
0 0 0 0 0 0 0 0 0 0 0 0 0 0 0 0 0 7 5 0 0 0 0 0 0 0 0 0 0 0 0 0 7 11 7 0 0 9 20 19 35 26 30 0 24 21 20 17 13 18 10 13 0 0 16 8 0 0 0 0 0 
0 0 0 0 0 0 0 0 0 0 0 0 0 0 0 0 0 7 5 0 0 0 0 0 0 0 0 0 0 0 0 0 7 11 7 0 0 9 28 21 35 21 30 0 25 22 20 17 14 17 10 13 0 0 15 9 0 0 0 0 0 
0 0 0 0 0 0 0 0 0 0 0 0 0 0 0 0 0 7 5 0 0 0 0 0 0 0 0 0 0 0 0 0 7 11 7 0 0 9 28 21 35 21 30 0 25 22 20 17 14 17 10 13 0 0 15 9 0 0 0 0 0 
0 0 0 0 0 0 0 0 0 0 0 0 0 0 0 0 0 7 5 0 0 0 0 0 0 0 0 0 0 0 0 0 7 11 7 0 0 9 28 21 35 21 30 0 25 22 20 17 14 17 10 13 0 0 15 9 0 0 0 0 0 
0 0 0 0 0 0 0 0 0 0 0 0 0 0 0 0 0 7 5 0 0 0 0 0 0 0 0 0 0 0 0 0 7 12 7 0 0 9 27 21 35 21 28 0 23 20 17 16 14 17 10 13 0 0 14 9 0 0 0 0 0 
0 0 0 0 0 0 0 0 0 0 0 0 0 0 0 0 0 7 5 0 0 0 0 0 0 0 0 0 0 0 0 0 7 12 7 0 0 9 27 21 35 21 28 0 23 20 17 16 14 17 10 13 0 0 14 9 0 0 0 0 0 
0 0 0 0 0 0 0 0 0 0 0 0 0 0 0 0 0 7 5 0 0 0 0 0 0 0 0 0 0 0 0 0 7 12 7 0 0 9 27 21 35 21 28 0 23 20 17 16 14 17 10 13 0 0 14 9 0 0 0 0 0 
